           1   0.0323165           0           0           0
           1   0.0969496           0           0           0
           1    0.161583           0           0           0
           1    0.226216           0           0           0
           1    0.290849           0           0           0
           1    0.355482           0           0           0
           1    0.420115           0           0           0
           1    0.484748           0           0           0
           1    0.549381           0           0           0
           1    0.614014           0           0           0
           1    0.678647           0           0           0
           1     0.74328           0           0           0
           1    0.807913           0           0           0
           1    0.872546  0.00101776  0.00101776           0
           1    0.937179    0.151907    0.151907           0
           1     1.00181      1.0696      1.0696           0
           1     1.06645     2.02155     2.02155           0
           1     1.13108     2.25451     2.25451           0
           1     1.19571     2.08522     2.08522           0
           1     1.26034     1.81775     1.81775           0
           1     1.32498     1.59839     1.59839           0
           1     1.38961     1.44514     1.44514           0
           1     1.45424     1.33337     1.33337           0
           1     1.51888     1.23713     1.23713           0
           1     1.58351     1.17827     1.17827           0
           1     1.64814     1.12803     1.12803           0
           1     1.71278      1.1005      1.1005           0
           1     1.77741     1.08879     1.08879           0
           1     1.84204     1.06844     1.06844           0
           1     1.90667     1.06375     1.06375           0
           1     1.97131     1.05019     1.05019           0
           1     2.03594     1.05274     1.05274           0
           1     2.10057     1.05093     1.05093           0
           1     2.16521     1.05416     1.05416           0
           1     2.22984     1.04971     1.04971           0
           1     2.29447     1.03686     1.03686           0
           1     2.35911      1.0351      1.0351           0
           1     2.42374     1.02539     1.02539           0
           1     2.48837     1.03267     1.03267           0
           1     2.55301     1.02618     1.02618           0
           1     2.61764     1.01654     1.01654           0
           1     2.68227      1.0093      1.0093           0
           1      2.7469      1.0038      1.0038           0
           1     2.81154     1.00481     1.00481           0
           1     2.87617     1.00393     1.00393           0
           1      2.9408     1.00189     1.00189           0
           1     3.00544     1.00154     1.00154           0
           1     3.07007     0.99714     0.99714           0
           1      3.1347    0.995914    0.995914           0
           1     3.19934     1.00189     1.00189           0
           1     3.26397    0.992522    0.992522           0
           1      3.3286    0.996143    0.996143           0
           1     3.39323    0.994549    0.994549           0
           1     3.45787    0.997597    0.997597           0
           1      3.5225    0.992467    0.992467           0
           1     3.58713    0.987555    0.987555           0
           1     3.65177    0.993852    0.993852           0
           1      3.7164    0.993699    0.993699           0
           1     3.78103    0.987117    0.987117           0
           1     3.84567    0.993325    0.993325           0
           1      3.9103    0.990427    0.990427           0
           1     3.97493    0.985122    0.985122           0
           1     4.03957    0.991741    0.991741           0
           1      4.1042    0.986569    0.986569           0
           1     4.16883    0.987344    0.987344           0
           1     4.23346    0.991763    0.991763           0
           1      4.2981    0.990978    0.990978           0
           1     4.36273    0.988696    0.988696           0
           1     4.42736    0.987833    0.987833           0
           1       4.492    0.986666    0.986666           0
           1     4.55663    0.987904    0.987904           0
           1     4.62126     0.99071     0.99071           0
           1      4.6859    0.985653    0.985653           0
           1     4.75053    0.986869    0.986869           0
           1     4.81516    0.985689    0.985689           0
           1     4.87979    0.989621    0.989621           0
           1     4.94443    0.986109    0.986109           0
           1     5.00906    0.987318    0.987318           0
           1     5.07369     0.98408     0.98408           0
           1     5.13833    0.985612    0.985612           0
           1     5.20296    0.985426    0.985426           0
           1     5.26759    0.985077    0.985077           0
           1     5.33223    0.990483    0.990483           0
           1     5.39686    0.987509    0.987509           0
           1     5.46149     0.98689     0.98689           0
           1     5.52612    0.989764    0.989764           0
           1     5.59076    0.984997    0.984997           0
           1     5.65539    0.986484    0.986484           0
           1     5.72002    0.986222    0.986222           0
           1     5.78466    0.986773    0.986773           0
           1     5.84929    0.987021    0.987021           0
           1     5.91392    0.986768    0.986768           0
           1     5.97856    0.990029    0.990029           0
           1     6.04319    0.988428    0.988428           0
           1     6.10782     0.98586     0.98586           0
           1     6.17246    0.984509    0.984509           0
           1     6.23709    0.988012    0.988012           0
           1     6.30172    0.989011    0.989011           0
           1     6.36635      0.9855      0.9855           0
           1     6.43099    0.987758    0.987758           0
           2   0.0323165           0           0           0
           2   0.0969496           0           0           0
           2    0.161583           0           0           0
           2    0.226216           0           0           0
           2    0.290849           0           0           0
           2    0.355482           0           0           0
           2    0.420115           0           0           0
           2    0.484748           0           0           0
           2    0.549381           0           0           0
           2    0.614014           0           0           0
           2    0.678647           0           0           0
           2     0.74328           0           0           0
           2    0.807913           0           0           0
           2    0.872546 0.000658551 0.000838155    0.000127
           2    0.937179    0.150921    0.151414 0.000348629
           2     1.00181     1.06397     1.06678  0.00199125
           2     1.06645     2.00195     2.01175  0.00692988
           2     1.13108     2.24621     2.25036  0.00293548
           2     1.19571     2.06232     2.07377  0.00809455
           2     1.26034     1.82631     1.82203  0.00302391
           2     1.32498     1.61353     1.60596  0.00535294
           2     1.38961     1.44724     1.44619 0.000742938
           2     1.45424     1.33281     1.33309 0.000198178
           2     1.51888     1.25584     1.24649  0.00661708
           2     1.58351     1.18374     1.18101  0.00193505
           2     1.64814     1.13763     1.13283  0.00339451
           2     1.71278     1.11641     1.10846  0.00562697
           2     1.77741     1.09327     1.09103  0.00158185
           2     1.84204      1.0722     1.07032  0.00133027
           2     1.90667     1.06046     1.06211  0.00116181
           2     1.97131     1.05115     1.05067 0.000340168
           2     2.03594     1.05629     1.05452  0.00125621
           2     2.10057     1.05203     1.05148 0.000387278
           2     2.16521     1.05026     1.05221  0.00137892
           2     2.22984     1.04385     1.04678  0.00207181
           2     2.29447     1.03702     1.03694 5.81816e-05
           2     2.35911     1.03462     1.03486 0.000170906
           2     2.42374     1.02829     1.02684  0.00102362
           2     2.48837     1.02353      1.0281  0.00323105
           2     2.55301     1.01286     1.01952  0.00471189
           2     2.61764     1.01049     1.01352   0.0021387
           2     2.68227     1.00963     1.00946 0.000116521
           2      2.7469     1.00725     1.00552  0.00121785
           2     2.81154      1.0028     1.00381 0.000711779
           2     2.87617     1.00738     1.00565  0.00121803
           2      2.9408      1.0051      1.0035  0.00113712
           2     3.00544    0.997567    0.999554  0.00140466
           2     3.07007     1.00159    0.999363  0.00157192
           2      3.1347    0.992693    0.994304  0.00113862
           2     3.19934    0.997473    0.999681  0.00156087
           2     3.26397    0.994405    0.993464 0.000665845
           2      3.3286    0.997612    0.996878 0.000519467
           2     3.39323    0.991741    0.993145 0.000992732
           2     3.45787    0.992754    0.995176  0.00171238
           2      3.5225    0.985062    0.988764  0.00261811
           2     3.58713    0.988328    0.987941 0.000273134
           2     3.65177    0.983854    0.988853  0.00353498
           2      3.7164    0.990005    0.991852  0.00130617
           2     3.78103    0.990894    0.989005   0.0013352
           2     3.84567    0.989545    0.991435  0.00133648
           2      3.9103    0.990511    0.990469 2.95226e-05
           2     3.97493    0.988851    0.986986  0.00131832
           2     4.03957    0.989743    0.990742 0.000706406
           2      4.1042    0.989355    0.987962 0.000984865
           2     4.16883     0.99107    0.989207  0.00131728
           2     4.23346    0.989783    0.990773 0.000699852
           2      4.2981    0.986733    0.988856  0.00150105
           2     4.36273    0.989527    0.989111 0.000293922
           2     4.42736    0.988224    0.988028 0.000138178
           2       4.492    0.990686    0.988676   0.0014214
           2     4.55663    0.986479    0.987192 0.000503938
           2     4.62126    0.986817    0.988764  0.00137621
           2      4.6859    0.983989    0.984821 0.000588122
           2     4.75053    0.988892     0.98788 0.000715106
           2     4.81516    0.987134    0.986412 0.000511076
           2     4.87979    0.983976    0.986798  0.00199593
           2     4.94443    0.986236    0.986172 4.48433e-05
           2     5.00906    0.986789    0.987053 0.000186983
           2     5.07369    0.987726    0.985903   0.0012889
           2     5.13833     0.98884    0.987226  0.00114127
           2     5.20296     0.98849    0.986958  0.00108331
           2     5.26759    0.986772    0.985924  0.00059904
           2     5.33223    0.990014    0.990248 0.000165572
           2     5.39686    0.989682    0.988595 0.000768297
           2     5.46149    0.986208    0.986549 0.000241065
           2     5.52612    0.984524    0.987144  0.00185252
           2     5.59076    0.985442    0.985219 0.000157319
           2     5.65539    0.985764    0.986124 0.000254559
           2     5.72002    0.986747    0.986485 0.000185767
           2     5.78466    0.984166    0.985469 0.000921684
           2     5.84929     0.98748    0.987251 0.000162097
           2     5.91392    0.986923    0.986845 5.48552e-05
           2     5.97856    0.985375    0.987702  0.00164545
           2     6.04319    0.988184    0.988306 8.60845e-05
           2     6.10782    0.983632    0.984746 0.000787837
           2     6.17246    0.987271     0.98589 0.000976658
           2     6.23709    0.986059    0.987035 0.000690453
           2     6.30172    0.985368     0.98719  0.00128777
           2     6.36635     0.98549    0.985495    3.58e-06
           2     6.43099    0.985534    0.986646 0.000786274
           3   0.0323165           0           0           0
           3   0.0969496           0           0           0
           3    0.161583           0           0           0
           3    0.226216           0           0           0
           3    0.290849           0           0           0
           3    0.355482           0           0           0
           3    0.420115           0           0           0
           3    0.484748           0           0           0
           3    0.549381           0           0           0
           3    0.614014           0           0           0
           3    0.678647           0           0           0
           3     0.74328           0           0           0
           3    0.807913           0           0           0
           3    0.872546  0.00107763  0.00091798 0.000106847
           3    0.937179    0.149831    0.150886 0.000489507
           3     1.00181     1.05279     1.06212  0.00403222
           3     1.06645     2.04095     2.02149  0.00919264
           3     1.13108      2.2424     2.24771  0.00292032
           3     1.19571     2.10161     2.08305  0.00930172
           3     1.26034     1.86744     1.83717   0.0125211
           3     1.32498     1.63857     1.61683  0.00956466
           3     1.38961     1.44547     1.44595  0.00053266
           3     1.45424     1.35521     1.34047  0.00602159
           3     1.51888     1.25112     1.24803  0.00458817
           3     1.58351     1.18516     1.18239  0.00171549
           3     1.64814     1.15019     1.13862  0.00523778
           3     1.71278     1.10892     1.10861  0.00375346
           3     1.77741     1.09493     1.09233  0.00149565
           3     1.84204     1.07468     1.07177  0.00148008
           3     1.90667     1.06947     1.06456  0.00214826
           3     1.97131     1.05671     1.05268  0.00166018
           3     2.03594     1.06623     1.05842  0.00329521
           3     2.10057     1.05879     1.05392  0.00200793
           3     2.16521     1.05484     1.05309  0.00116525
           3     2.22984     1.04484     1.04614  0.00147865
           3     2.29447     1.04015     1.03801 0.000874231
           3     2.35911     1.02774     1.03249  0.00194223
           3     2.42374     1.03742     1.03037  0.00295814
           3     2.48837     1.02816     1.02812   0.0021541
           3     2.55301     1.02554     1.02153  0.00354288
           3     2.61764     1.01697     1.01467  0.00170728
           3     2.68227       1.012     1.01031 0.000694342
           3      2.7469       1.013     1.00801  0.00219056
           3     2.81154     1.00349      1.0037 0.000482172
           3     2.87617       1.005     1.00544 0.000830936
           3      2.9408     1.00885     1.00528  0.00164328
           3     3.00544     1.00191     1.00034  0.00113556
           3     3.07007      1.0028     1.00051  0.00140478
           3      3.1347    0.998438    0.995682   0.0013574
           3     3.19934     0.99558    0.998314  0.00152592
           3     3.26397    0.995638    0.994189 0.000739765
           3      3.3286      0.9959    0.996552 0.000436696
           3     3.39323     0.99277     0.99302 0.000669614
           3     3.45787    0.997243    0.995865  0.00127268
           3      3.5225    0.992621     0.99005  0.00203675
           3     3.58713    0.989547    0.988476  0.00047334
           3     3.65177    0.990672    0.989459   0.0024081
           3      3.7164    0.994007     0.99257  0.00104977
           3     3.78103    0.990661    0.989557 0.000997664
           3     3.84567    0.989526    0.990799  0.00103135
           3      3.9103    0.992578    0.991172 0.000574182
           3     3.97493    0.989592    0.987855  0.00112939
           3     4.03957    0.989667    0.990383 0.000554344
           3      4.1042    0.988109    0.988011 0.000657803
           3     4.16883    0.986888    0.988434  0.00108154
           3     4.23346    0.986824    0.989457  0.00117163
           3      4.2981    0.984272    0.987328   0.0015993
           3     4.36273    0.990854    0.989692 0.000513243
           3     4.42736    0.989033    0.988363 0.000288617
           3       4.492     0.98764    0.988331 0.000988673
           3     4.55663    0.987221    0.987202 0.000336055
           3     4.62126    0.986113     0.98788  0.00116717
           3      4.6859    0.986394    0.985345 0.000580551
           3     4.75053    0.984339      0.9867  0.00107523
           3     4.81516    0.987573    0.986799 0.000464752
           3     4.87979    0.987428    0.987008  0.00134162
           3     4.94443    0.988634    0.986993 0.000670768
           3     5.00906    0.986314    0.986807 0.000236575
           3     5.07369    0.984059    0.985288 0.000995098
           3     5.13833    0.985588     0.98668 0.000881856
           3     5.20296    0.988692    0.987536 0.000862757
           3     5.26759     0.98382    0.985223 0.000698223
           3     5.33223    0.986892    0.989129 0.000920235
           3     5.39686     0.98775    0.988314 0.000561508
           3     5.46149    0.984234    0.985777 0.000650122
           3     5.52612     0.98568    0.986656  0.00129771
           3     5.59076    0.983623    0.984687 0.000447061
           3     5.65539     0.98489    0.985713 0.000376289
           3     5.72002    0.984813    0.985927 0.000471547
           3     5.78466    0.985781    0.985573 0.000620273
           3     5.84929    0.987632    0.987378 0.000149802
           3     5.91392    0.986098    0.986596 0.000206768
           3     5.97856    0.987448    0.987617  0.00109914
           3     6.04319    0.984363    0.986992  0.00107456
           3     6.10782    0.986662    0.985385 0.000740135
           3     6.17246      0.9843     0.98536 0.000781715
           3     6.23709    0.986201    0.986757 0.000513299
           3     6.30172     0.98663    0.987003 0.000871899
           3     6.36635    0.984704    0.985232 0.000215432
           3     6.43099     0.98498    0.986091 0.000692986
           4   0.0323165           0           0           0
           4   0.0969496           0           0           0
           4    0.161583           0           0           0
           4    0.226216           0           0           0
           4    0.290849           0           0           0
           4    0.355482           0           0           0
           4    0.420115           0           0           0
           4    0.484748           0           0           0
           4    0.549381           0           0           0
           4    0.614014           0           0           0
           4    0.678647           0           0           0
           4     0.74328           0           0           0
           4    0.807913           0           0           0
           4    0.872546 0.000778287 0.000883057 8.56529e-05
           4    0.937179    0.146198    0.149714  0.00107937
           4     1.00181     1.07201     1.06459  0.00370503
           4     1.06645     2.06027     2.03118   0.0108653
           4     1.13108     2.26941     2.25313  0.00518389
           4     1.19571     2.08675     2.08397  0.00702211
           4     1.26034     1.83561     1.83678  0.00939686
           4     1.32498     1.60491     1.61385  0.00762361
           4     1.38961     1.46431     1.45054  0.00399534
           4     1.45424     1.33413     1.33888  0.00472008
           4     1.51888     1.24521     1.24733  0.00349486
           4     1.58351     1.18587     1.18326  0.00149089
           4     1.64814     1.14163     1.13937  0.00398203
           4     1.71278      1.1143     1.11003  0.00307272
           4     1.77741     1.09507     1.09301  0.00126917
           4     1.84204     1.06906     1.07109  0.00125603
           4     1.90667     1.07198     1.06641  0.00227473
           4     1.97131     1.06549     1.05588  0.00303915
           4     2.03594     1.05893     1.05855  0.00247391
           4     2.10057     1.05888     1.05516  0.00184965
           4     2.16521     1.04794      1.0518  0.00141531
           4     2.22984     1.04797     1.04659  0.00117793
           4     2.29447      1.0406     1.03866 0.000862714
           4     2.35911     1.03641     1.03347  0.00168578
           4     2.42374     1.02945     1.03014   0.0022274
           4     2.48837     1.02433     1.02717  0.00181178
           4     2.55301     1.02645     1.02276  0.00286295
           4     2.61764      1.0195     1.01588   0.0016531
           4     2.68227     1.00863     1.00989 0.000635412
           4      2.7469     1.01575     1.00995  0.00234573
           4     2.81154     1.00709     1.00455 0.000817084
           4     2.87617     1.01527     1.00789  0.00221802
           4      2.9408     1.00149     1.00433  0.00148117
           4     3.00544    0.997679    0.999675  0.00102837
           4     3.07007     1.00224     1.00094  0.00111821
           4      3.1347      1.0003    0.996836   0.0014268
           4     3.19934    0.994506    0.997362  0.00141042
           4     3.26397    0.998044    0.995152  0.00100223
           4      3.3286    0.992929    0.995646 0.000850056
           4     3.39323    0.993891    0.993238 0.000536469
           4     3.45787    0.993562    0.995289  0.00107681
           4      3.5225    0.999354    0.992376  0.00252805
           4     3.58713    0.989359    0.988697 0.000403146
           4     3.65177    0.991294    0.989918  0.00184926
           4      3.7164    0.996625    0.993584  0.00117915
           4     3.78103    0.991764    0.990109  0.00088783
           4     3.84567    0.991716    0.991028 0.000798575
           4      3.9103     0.98888    0.990599 0.000657091
           4     3.97493    0.992383    0.988987  0.00129562
           4     4.03957    0.991215    0.990591 0.000453087
           4      4.1042    0.987579    0.987903  0.00050215
           4     4.16883    0.985754    0.987764 0.000997293
           4     4.23346    0.986829      0.9888  0.00104678
           4      4.2981    0.988594    0.987644  0.00123041
           4     4.36273    0.987785    0.989216 0.000564489
           4     4.42736    0.985927    0.987754 0.000570039
           4       4.492    0.992002    0.989249  0.00108695
           4     4.55663    0.987393    0.987249 0.000255414
           4     4.62126    0.990172    0.988453  0.00100623
           4      4.6859    0.987995    0.986008 0.000720237
           4     4.75053    0.986711    0.986703 0.000806429
           4     4.81516    0.987276    0.986918 0.000363558
           4     4.87979    0.989971    0.987749  0.00119333
           4     4.94443    0.987864    0.987211 0.000537264
           4     5.00906    0.989967    0.987597 0.000706894
           4     5.07369    0.986411    0.985569 0.000784934
           4     5.13833    0.988681    0.987181 0.000790668
           4     5.20296    0.984429    0.986759 0.000933429
           4     5.26759    0.986247    0.985479 0.000568697
           4     5.33223    0.985825    0.988303 0.000994063
           4     5.39686    0.988782    0.988431 0.000433155
           4     5.46149    0.985794    0.985781 0.000487605
           4     5.52612    0.990776    0.987686  0.00132025
           4     5.59076    0.986371    0.985108 0.000495341
           4     5.65539    0.986705    0.985961 0.000354689
           4     5.72002    0.988148    0.986482 0.000596848
           4     5.78466    0.988103    0.986206 0.000718599
           4     5.84929    0.986643    0.987194 0.000194764
           4     5.91392    0.981515    0.985326  0.00111103
           4     5.97856    0.991629     0.98862  0.00119744
           4     6.04319    0.987093    0.987017  0.00080622
           4     6.10782    0.988393    0.986137 0.000855758
           4     6.17246    0.986464    0.985636 0.000633164
           4     6.23709    0.987026    0.986824 0.000389349
           4     6.30172    0.984786    0.986449 0.000811173
           4     6.36635    0.986193    0.985472 0.000263594
           4     6.43099    0.986005    0.986069 0.000520073
           5   0.0323165           0           0           0
           5   0.0969496           0           0           0
           5    0.161583           0           0           0
           5    0.226216           0           0           0
           5    0.290849           0           0           0
           5    0.355482           0           0           0
           5    0.420115           0           0           0
           5    0.484748           0           0           0
           5    0.549381           0           0           0
           5    0.614014           0           0           0
           5    0.678647           0           0           0
           5     0.74328           0           0           0
           5    0.807913           0           0           0
           5    0.872546 0.000718419 0.000850129 7.45834e-05
           5    0.937179     0.15144    0.150059 0.000917015
           5     1.00181     1.06329     1.06433  0.00297321
           5     1.06645     2.02781     2.03051   0.0087132
           5     1.13108     2.24468     2.25144  0.00441427
           5     1.19571     2.10476     2.08813  0.00673721
           5     1.26034     1.82229     1.83388  0.00795163
           5     1.32498     1.61711      1.6145   0.0061268
           5     1.38961     1.45477     1.45138  0.00328471
           5     1.45424     1.33234     1.33757  0.00395331
           5     1.51888     1.23932     1.24573   0.0031412
           5     1.58351     1.18154     1.18292  0.00123168
           5     1.64814     1.12765     1.13703  0.00381405
           5     1.71278     1.10863     1.10975  0.00247102
           5     1.77741     1.09633     1.09368  0.00117558
           5     1.84204     1.06632     1.07014  0.00131907
           5     1.90667     1.06278     1.06569  0.00193223
           5     1.97131     1.05357     1.05542  0.00246641
           5     2.03594     1.04753     1.05634  0.00279368
           5     2.10057     1.06881     1.05789   0.0028553
           5     2.16521     1.04774     1.05099  0.00134522
           5     2.22984     1.04669     1.04661  0.00094249
           5     2.29447     1.04107     1.03914 0.000814573
           5     2.35911     1.02984     1.03274  0.00149694
           5     2.42374     1.02341     1.02879  0.00214988
           5     2.48837      1.0193      1.0256  0.00202064
           5     2.55301     1.01468     1.02114   0.0027085
           5     2.61764      1.0105      1.0148   0.0016351
           5     2.68227     1.01126     1.01016 0.000564244
           5      2.7469     1.00487     1.00893  0.00208486
           5     2.81154     1.00305     1.00425 0.000706586
           5     2.87617    0.999901      1.0063  0.00227893
           5      2.9408     1.00261     1.00399   0.0012246
           5     3.00544    0.996987    0.999137 0.000952925
           5     3.07007    0.997068     1.00017  0.00113159
           5      3.1347    0.992109    0.995891  0.00142059
           5     3.19934    0.991753     0.99624  0.00150989
           5     3.26397    0.994821    0.995086 0.000803974
           5      3.3286    0.993731    0.995263 0.000761437
           5     3.39323    0.994652     0.99352 0.000498154
           5     3.45787     0.99577    0.995385 0.000865745
           5      3.5225    0.993206    0.992542  0.00202788
           5     3.58713    0.990461     0.98905   0.0004512
           5     3.65177    0.989626    0.989859  0.00148033
           5      3.7164    0.991131    0.993093  0.00104039
           5     3.78103    0.986112     0.98931  0.00100777
           5     3.84567    0.987732    0.990369 0.000869363
           5      3.9103    0.987931    0.990065 0.000709964
           5     3.97493      0.9884     0.98887  0.00104179
           5     4.03957    0.985067    0.989487  0.00105253
           5      4.1042     0.98397    0.987116 0.000810129
           5     4.16883    0.984776    0.987167 0.000960386
           5     4.23346    0.988366    0.988713 0.000841012
           5      4.2981    0.984028    0.986921  0.00117792
           5     4.36273    0.988782    0.989129 0.000458205
           5     4.42736    0.987039    0.987611 0.000473617
           5       4.492    0.987708    0.988941  0.00091219
           5     4.55663    0.983898    0.986579 0.000633295
           5     4.62126    0.988974    0.988557 0.000810359
           5      4.6859     0.98492     0.98579 0.000608184
           5     4.75053     0.98791    0.986944 0.000680304
           5     4.81516    0.989337    0.987402 0.000521395
           5     4.87979    0.989429    0.988085  0.00100087
           5     4.94443    0.986881    0.987145 0.000433838
           5     5.00906    0.987598    0.987597 0.000565515
           5     5.07369    0.983692    0.985194 0.000712063
           5     5.13833    0.984155    0.986575 0.000832525
           5     5.20296    0.989002    0.987208 0.000847704
           5     5.26759    0.987353    0.985854 0.000565156
           5     5.33223    0.985528    0.987748 0.000937463
           5     5.39686    0.988166    0.988378 0.000349732
           5     5.46149    0.988934    0.986412  0.00068568
           5     5.52612    0.986158     0.98738  0.00109101
           5     5.59076    0.989327    0.985952 0.000852391
           5     5.65539    0.986212    0.986011 0.000287279
           5     5.72002    0.984757    0.986137 0.000568551
           5     5.78466    0.985428     0.98605 0.000591477
           5     5.84929    0.990781    0.987911 0.000660343
           5     5.91392    0.985881    0.985437 0.000894362
           5     5.97856    0.987361    0.988368 0.000984067
           5     6.04319    0.984067    0.986427 0.000833304
           5     6.10782    0.987809    0.986471 0.000747081
           5     6.17246    0.986646    0.985838   0.0005378
           5     6.23709    0.983696    0.986199 0.000640503
           5     6.30172    0.984416    0.986042 0.000743848
           5     6.36635    0.985755    0.985529 0.000216853
           5     6.43099    0.984696    0.985795 0.000483169
           6   0.0323165           0           0           0
           6   0.0969496           0           0           0
           6    0.161583           0           0           0
           6    0.226216           0           0           0
           6    0.290849           0           0           0
           6    0.355482           0           0           0
           6    0.420115           0           0           0
           6    0.484748           0           0           0
           6    0.549381           0           0           0
           6    0.614014           0           0           0
           6    0.678647           0           0           0
           6     0.74328           0           0           0
           6    0.807913           0           0           0
           6    0.872546  0.00107763 0.000888046 7.11409e-05
           6    0.937179    0.148378    0.149779 0.000805867
           6     1.00181     1.05829     1.06332  0.00264265
           6     1.06645     2.06087     2.03557  0.00860629
           6     1.13108     2.30572     2.26049  0.00904041
           6     1.19571     2.09571     2.08939  0.00573145
           6     1.26034     1.84166     1.83518  0.00673135
           6     1.32498     1.61062     1.61385  0.00513968
           6     1.38961     1.45916     1.45268  0.00298207
           6     1.45424     1.34762     1.33925  0.00363202
           6     1.51888      1.2375     1.24436  0.00290118
           6     1.58351     1.18531     1.18332  0.00108887
           6     1.64814     1.14614     1.13855  0.00346792
           6     1.71278     1.11523     1.11067  0.00222159
           6     1.77741     1.10109     1.09491  0.00149387
           6     1.84204     1.07258     1.07055  0.00116024
           6     1.90667     1.06438     1.06547  0.00162251
           6     1.97131     1.05914     1.05604  0.00213182
           6     2.03594     1.06359     1.05755  0.00257568
           6     2.10057     1.05232     1.05696  0.00252593
           6     2.16521     1.05716     1.05202  0.00146276
           6     2.22984     1.04644     1.04658 0.000785856
           6     2.29447        1.05     1.04095  0.00178695
           6     2.35911     1.03931     1.03383  0.00159815
           6     2.42374      1.0381     1.03034  0.00228356
           6     2.48837     1.02479     1.02546  0.00168837
           6     2.55301     1.02238     1.02135  0.00226491
           6     2.61764     1.01702     1.01517  0.00140388
           6     2.68227     1.01143     1.01037  0.00050851
           6      2.7469     1.00984     1.00908  0.00174291
           6     2.81154     1.00862     1.00498 0.000888416
           6     2.87617     1.00128     1.00546  0.00204678
           6      2.9408     1.00757     1.00459  0.00115707
           6     3.00544     1.00571     1.00023  0.00127697
           6     3.07007     1.00145     1.00038 0.000962864
           6      3.1347    0.998721    0.996362  0.00125973
           6     3.19934    0.997193    0.996399  0.00126656
           6     3.26397    0.997132    0.995427  0.00073876
           6      3.3286    0.997015    0.995555 0.000688271
           6     3.39323    0.995816    0.993903 0.000542491
           6     3.45787    0.999561    0.996081 0.000961337
           6      3.5225    0.994628     0.99289  0.00171944
           6     3.58713    0.989876    0.989188 0.000396465
           6     3.65177    0.996058    0.990892  0.00155276
           6      3.7164    0.989873    0.992557 0.000995854
           6     3.78103    0.993873     0.99007  0.00108962
           6     3.84567    0.994771    0.991103 0.000986654
           6      3.9103    0.990913    0.990207 0.000605546
           6     3.97493     0.99466    0.989835  0.00123688
           6     4.03957    0.991375    0.989801 0.000922941
           6      4.1042    0.993854    0.988239  0.00122741
           6     4.16883    0.990197    0.987672 0.000923599
           6     4.23346    0.989498    0.988844 0.000710952
           6      4.2981    0.983406    0.986335  0.00111786
           6     4.36273    0.988895     0.98909 0.000383498
           6     4.42736    0.986046     0.98735 0.000460955
           6       4.492    0.989514    0.989036 0.000765143
           6     4.55663    0.990114    0.987168 0.000753469
           6     4.62126    0.984084    0.987812  0.00095872
           6      4.6859    0.987273    0.986037 0.000554737
           6     4.75053    0.985913    0.986772 0.000588217
           6     4.81516    0.984007    0.986836 0.000674925
           6     4.87979    0.986927    0.987892  0.00085248
           6     4.94443    0.984978    0.986784 0.000489218
           6     5.00906    0.988334     0.98772 0.000484398
           6     5.07369    0.986905    0.985479 0.000648031
           6     5.13833    0.982697    0.985929 0.000910777
           6     5.20296    0.987448    0.987248 0.000707359
           6     5.26759    0.986818    0.986014 0.000493258
           6     5.33223    0.989062    0.987967 0.000806363
           6     5.39686     0.98639    0.988046 0.000420065
           6     5.46149    0.985529    0.986265 0.000586971
           6     5.52612    0.986343    0.987207 0.000922779
           6     5.59076    0.987368    0.986188 0.000742265
           6     5.65539    0.982639    0.985449 0.000566164
           6     5.72002    0.987783    0.986412 0.000535864
           6     5.78466    0.987624    0.986312 0.000548027
           6     5.84929    0.984662     0.98737 0.000739714
           6     5.91392    0.984117    0.985217 0.000771875
           6     5.97856    0.984561    0.987734  0.00100402
           6     6.04319    0.987514    0.986608 0.000713827
           6     6.10782    0.986611    0.986495  0.00062293
           6     6.17246    0.984973    0.985694 0.000467095
           6     6.23709    0.985725     0.98612 0.000538598
           6     6.30172    0.985645    0.985976 0.000622814
           6     6.36635    0.987496    0.985856 0.000349699
           6     6.43099    0.986522    0.985916 0.000417568
           7   0.0323165           0           0           0
           7   0.0969496           0           0           0
           7    0.161583           0           0           0
           7    0.226216           0           0           0
           7    0.290849           0           0           0
           7    0.355482           0           0           0
           7    0.420115           0           0           0
           7    0.484748           0           0           0
           7    0.549381           0           0           0
           7    0.614014           0           0           0
           7    0.678647           0           0           0
           7     0.74328           0           0           0
           7    0.807913           0           0           0
           7    0.872546  0.00107763 0.000915129  6.5932e-05
           7    0.937179     0.14843    0.149586 0.000713425
           7     1.00181     1.07505       1.065  0.00274518
           7     1.06645     2.02981     2.03475  0.00741604
           7     1.13108     2.23295     2.25655  0.00856194
           7     1.19571      2.0995     2.09084  0.00509133
           7     1.26034     1.80071     1.83025  0.00735352
           7     1.32498     1.61498     1.61402  0.00440797
           7     1.38961      1.4601     1.45374  0.00273824
           7     1.45424     1.31283     1.33547     0.00468
           7     1.51888     1.23545     1.24308  0.00275163
           7     1.58351     1.19102     1.18442  0.00138144
           7     1.64814      1.1276     1.13698  0.00330651
           7     1.71278     1.10903     1.11043  0.00191645
           7     1.77741     1.07808     1.09251  0.00256779
           7     1.84204     1.06434     1.06966  0.00128928
           7     1.90667     1.06065     1.06478  0.00152978
           7     1.97131     1.05069     1.05528  0.00195942
           7     2.03594     1.05481     1.05716  0.00223733
           7     2.10057      1.0624     1.05774  0.00228161
           7     2.16521     1.04057     1.05038  0.00196564
           7     2.22984     1.04038      1.0457  0.00106191
           7     2.29447     1.03798     1.04053  0.00158117
           7     2.35911     1.03074     1.03339  0.00142982
           7     2.42374     1.02847     1.03008  0.00197289
           7     2.48837     1.01918     1.02457  0.00166853
           7     2.55301     1.02709     1.02217   0.0020848
           7     2.61764      1.0121     1.01473  0.00126984
           7     2.68227     1.01109     1.01048 0.000446099
           7      2.7469     1.00599     1.00864  0.00154903
           7     2.81154    0.997396     1.00389  0.00125913
           7     2.87617    0.997459     1.00432  0.00204882
           7      2.9408    0.994038     1.00308  0.00171166
           7     3.00544    0.996785     0.99974  0.00118574
           7     3.07007     0.99104    0.999046  0.00148569
           7      3.1347    0.996772    0.996421  0.00108113
           7     3.19934     0.99582    0.996316  0.00108832
           7     3.26397    0.992775    0.995048 0.000723897
           7      3.3286    0.992694    0.995146 0.000700874
           7     3.39323    0.995471    0.994127 0.000509158
           7     3.45787    0.987743     0.99489  0.00137669
           7      3.5225    0.992224    0.992795  0.00147643
           7     3.58713    0.988147    0.989039 0.000366644
           7     3.65177    0.987297    0.990379  0.00141334
           7      3.7164    0.988219    0.991937  0.00102847
           7     3.78103    0.987752    0.989739 0.000983003
           7     3.84567     0.98545    0.990295  0.00112875
           7      3.9103    0.986819    0.989723  0.00068569
           7     3.97493    0.986585    0.989371  0.00114399
           7     4.03957    0.986082     0.98927 0.000931567
           7      4.1042    0.986731    0.988024   0.0010708
           7     4.16883    0.984427    0.987208 0.000900497
           7     4.23346    0.981512    0.987797  0.00114534
           7      4.2981    0.986481    0.986356 0.000958362
           7     4.36273    0.982555    0.988156 0.000924653
           7     4.42736    0.985625    0.987104 0.000456269
           7       4.492    0.988519    0.988962 0.000659389
           7     4.55663    0.986224    0.987033 0.000657789
           7     4.62126    0.983567    0.987205 0.000995177
           7      4.6859    0.983952    0.985739 0.000549693
           7     4.75053     0.98562    0.986608 0.000526708
           7     4.81516    0.982678    0.986242 0.000798215
           7     4.87979    0.985021    0.987482 0.000823463
           7     4.94443    0.985904    0.986658 0.000435185
           7     5.00906    0.982031    0.986907 0.000859393
           7     5.07369    0.985074    0.985421 0.000558032
           7     5.13833    0.986871    0.986064 0.000790555
           7     5.20296    0.986157    0.987092 0.000623233
           7     5.26759    0.981997    0.985441 0.000678986
           7     5.33223    0.987134    0.987848 0.000699903
           7     5.39686    0.986549    0.987833 0.000410919
           7     5.46149    0.986685    0.986325 0.000506177
           7     5.52612     0.98749    0.987248 0.000791834
           7     5.59076    0.982617    0.985678 0.000792325
           7     5.65539    0.984809    0.985358 0.000492614
           7     5.72002    0.987154    0.986518 0.000469696
           7     5.78466    0.985542    0.986202 0.000480655
           7     5.84929    0.985839    0.987151 0.000665578
           7     5.91392    0.987674    0.985568 0.000737108
           7     5.97856    0.985117     0.98736 0.000927568
           7     6.04319    0.985397    0.986435 0.000632467
           7     6.10782    0.984971    0.986277 0.000570722
           7     6.17246    0.986282    0.985778 0.000407862
           7     6.23709    0.985979      0.9861 0.000462029
           7     6.30172    0.985598    0.985922 0.000536179
           7     6.36635    0.986803    0.985992 0.000324846
           7     6.43099    0.987824    0.986188 0.000437949
           8   0.0323165           0           0           0
           8   0.0969496           0           0           0
           8    0.161583           0           0           0
           8    0.226216           0           0           0
           8    0.290849           0           0           0
           8    0.355482           0           0           0
           8    0.420115           0           0           0
           8    0.484748           0           0           0
           8    0.549381           0           0           0
           8    0.614014           0           0           0
           8    0.678647           0           0           0
           8     0.74328           0           0           0
           8    0.807913           0           0           0
           8    0.872546 0.000898024 0.000912991 5.77251e-05
           8    0.937179    0.144018     0.14889 0.000901966
           8     1.00181     1.06805     1.06538  0.00242847
           8     1.06645     2.04119     2.03555  0.00653268
           8     1.13108      2.2678     2.25796  0.00760631
           8     1.19571     2.07858     2.08931  0.00467965
           8     1.26034     1.82728     1.82988  0.00644369
           8     1.32498      1.6227      1.6151  0.00398832
           8     1.38961     1.45836     1.45432  0.00245604
           8     1.45424     1.33499     1.33541  0.00409539
           8     1.51888     1.24818     1.24372  0.00248024
           8     1.58351     1.19675     1.18596  0.00188123
           8     1.64814     1.14243     1.13766  0.00296262
           8     1.71278     1.11688     1.11124  0.00183858
           8     1.77741     1.09188     1.09243  0.00224801
           8     1.84204     1.07262     1.07003  0.00118003
           8     1.90667     1.05849       1.064  0.00152715
           8     1.97131     1.05726     1.05552  0.00173015
           8     2.03594      1.0593     1.05743  0.00197355
           8     2.10057     1.05892     1.05788  0.00200119
           8     2.16521     1.05535       1.051  0.00181556
           8     2.22984     1.05066     1.04632  0.00109531
           8     2.29447     1.04476     1.04105  0.00146924
           8     2.35911     1.03575     1.03369  0.00128113
           8     2.42374       1.034     1.03057  0.00178622
           8     2.48837     1.02371     1.02446  0.00146337
           8     2.55301      1.0181     1.02166   0.0018853
           8     2.61764     1.02224     1.01567  0.00141596
           8     2.68227     1.01358     1.01086 0.000533197
           8      2.7469     1.00918     1.00871  0.00135685
           8     2.81154     1.01027     1.00469  0.00133033
           8     2.87617     1.00495      1.0044  0.00179424
           8      2.9408     1.00737     1.00362   0.0015796
           8     3.00544    0.997088    0.999409  0.00108289
           8     3.07007    0.998316    0.998955  0.00130277
           8      3.1347     1.00078    0.996966  0.00107465
           8     3.19934     1.00274    0.997119  0.00121277
           8     3.26397    0.998339    0.995459 0.000741129
           8      3.3286    0.998176    0.995525 0.000708228
           8     3.39323    0.994458    0.994168 0.000447185
           8     3.45787    0.998413     0.99533   0.0012731
           8      3.5225    0.994643    0.993026  0.00130982
           8     3.58713    0.993062    0.989542 0.000569398
           8     3.65177     0.99298    0.990704  0.00127353
           8      3.7164    0.995056    0.992327  0.00097102
           8     3.78103    0.996287    0.990558  0.00115155
           8     3.84567    0.989267    0.990167 0.000994935
           8      3.9103     0.99496    0.990377 0.000857342
           8     3.97493    0.990747    0.989543  0.00101385
           8     4.03957    0.989784    0.989334 0.000817339
           8      4.1042    0.990754    0.988365 0.000989848
           8     4.16883    0.989504    0.987495 0.000832409
           8     4.23346    0.992508    0.988386  0.00114362
           8      4.2981    0.989372    0.986733 0.000909685
           8     4.36273    0.990409    0.988438 0.000850857
           8     4.42736    0.991341    0.987634 0.000636256
           8       4.492     0.99223    0.989371 0.000692014
           8     4.55663    0.987926    0.987145 0.000584958
           8     4.62126    0.990889    0.987666 0.000971492
           8      4.6859    0.986699    0.985859 0.000493907
           8     4.75053    0.985824     0.98651 0.000469885
           8     4.81516    0.987528    0.986403 0.000714433
           8     4.87979    0.989316    0.987711 0.000751782
           8     4.94443    0.988645    0.986906 0.000446102
           8     5.00906    0.985506    0.986732 0.000769618
           8     5.07369    0.986969    0.985614 0.000520756
           8     5.13833     0.98454    0.985873 0.000714314
           8     5.20296     0.98675    0.987049 0.000546792
           8     5.26759    0.987168    0.985657 0.000627491
           8     5.33223    0.984297    0.987404 0.000739931
           8     5.39686    0.986851     0.98771 0.000377414
           8     5.46149    0.985648     0.98624 0.000449911
           8     5.52612    0.986924    0.987207 0.000693889
           8     5.59076    0.984031    0.985472 0.000719525
           8     5.65539    0.986949    0.985557 0.000469484
           8     5.72002    0.983995    0.986202 0.000505902
           8     5.78466    0.983901    0.985915 0.000499261
           8     5.84929    0.986315    0.987047 0.000590532
           8     5.91392    0.982118    0.985137 0.000760704
           8     5.97856    0.984639     0.98702 0.000871764
           8     6.04319    0.987134    0.986523 0.000559409
           8     6.10782    0.983599    0.985942 0.000589422
           8     6.17246    0.985338    0.985723 0.000360567
           8     6.23709    0.983435    0.985767 0.000510366
           8     6.30172    0.983164    0.985577 0.000569335
           8     6.36635    0.984471    0.985802 0.000335281
           8     6.43099    0.984993    0.986039 0.000407918
           9   0.0323165           0           0           0
           9   0.0969496           0           0           0
           9    0.161583           0           0           0
           9    0.226216           0           0           0
           9    0.290849           0           0           0
           9    0.355482           0           0           0
           9    0.420115           0           0           0
           9    0.484748           0           0           0
           9    0.549381           0           0           0
           9    0.614014           0           0           0
           9    0.678647           0           0           0
           9     0.74328           0           0           0
           9    0.807913           0           0           0
           9    0.872546  0.00149671 0.000977848 7.98243e-05
           9    0.937179    0.145575    0.148522 0.000873725
           9     1.00181     1.07214     1.06613  0.00227189
           9     1.06645     2.06593     2.03893   0.0066214
           9     1.13108     2.26025     2.25821  0.00676542
           9     1.19571      2.0716     2.08734  0.00455446
           9     1.26034     1.83581     1.83054  0.00576127
           9     1.32498     1.60234     1.61368  0.00378895
           9     1.38961     1.46128     1.45509  0.00230195
           9     1.45424     1.33376     1.33523  0.00364445
           9     1.51888     1.24731     1.24412  0.00223645
           9     1.58351     1.18704     1.18608  0.00167601
           9     1.64814     1.14455     1.13843  0.00273045
           9     1.71278     1.10344     1.11037  0.00182728
           9     1.77741     1.08845     1.09199  0.00204134
           9     1.84204     1.07295     1.07035  0.00109278
           9     1.90667     1.06711     1.06434  0.00139614
           9     1.97131     1.06397     1.05646  0.00177445
           9     2.03594     1.06108     1.05783   0.0017955
           9     2.10057      1.0509     1.05711  0.00192343
           9     2.16521     1.05185      1.0511  0.00161629
           9     2.22984     1.04317     1.04597  0.00102778
           9     2.29447     1.04994     1.04204  0.00160394
           9     2.35911     1.02909     1.03318  0.00123643
           9     2.42374     1.03076     1.03059  0.00158787
           9     2.48837      1.0245     1.02446  0.00130078
           9     2.55301     1.02818     1.02238  0.00180988
           9     2.61764      1.0203     1.01619  0.00134867
           9     2.68227     1.01164     1.01095 0.000480923
           9      2.7469     1.00373     1.00816  0.00131413
           9     2.81154     1.00574     1.00481  0.00118763
           9     2.87617     1.00521     1.00449  0.00159716
           9      2.9408    0.999753     1.00319  0.00146121
           9     3.00544    0.997785    0.999228 0.000977491
           9     3.07007     1.00223    0.999319  0.00120778
           9      3.1347    0.996554     0.99692  0.00095622
           9     3.19934    0.988185    0.996126  0.00142761
           9     3.26397    0.998801    0.995831 0.000746019
           9      3.3286     0.99618    0.995598 0.000633263
           9     3.39323    0.991883    0.993915 0.000464012
           9     3.45787    0.991377    0.994891  0.00120505
           9      3.5225    0.991658    0.992874  0.00117306
           9     3.58713    0.990925    0.989696 0.000526471
           9     3.65177    0.991099    0.990748  0.00113278
           9      3.7164    0.990216    0.992092 0.000890995
           9     3.78103    0.990817    0.990586  0.00102396
           9     3.84567    0.988299    0.989959 0.000905762
           9      3.9103    0.988486    0.990167  0.00078742
           9     3.97493    0.989131    0.989497  0.00090223
           9     4.03957    0.991562    0.989582 0.000763077
           9      4.1042    0.987062     0.98822 0.000890398
           9     4.16883    0.984256    0.987135 0.000813998
           9     4.23346    0.986936    0.988225  0.00102783
           9      4.2981    0.987772    0.986848 0.000815904
           9     4.36273     0.98986    0.988596 0.000770851
           9     4.42736    0.985623     0.98741 0.000603516
           9       4.492    0.983699     0.98874 0.000855215
           9     4.55663    0.985196    0.986928 0.000558596
           9     4.62126    0.987272    0.987622 0.000864533
           9      4.6859    0.986473    0.985928  0.00044371
           9     4.75053    0.988686    0.986752 0.000475814
           9     4.81516    0.990142    0.986818 0.000746114
           9     4.87979    0.982279    0.987108 0.000877723
           9     4.94443    0.989848    0.987233  0.00050223
           9     5.00906    0.986871    0.986747 0.000684259
           9     5.07369    0.988981    0.985989 0.000581961
           9     5.13833    0.984436    0.985714 0.000652545
           9     5.20296    0.983949    0.986705 0.000584573
           9     5.26759    0.985649    0.985656 0.000557771
           9     5.33223    0.986807    0.987338 0.000660689
           9     5.39686    0.986782    0.987607 0.000349264
           9     5.46149    0.985246     0.98613 0.000413252
           9     5.52612      0.9853    0.986995 0.000648325
           9     5.59076     0.98874    0.985835 0.000725461
           9     5.65539    0.987019    0.985719 0.000444545
           9     5.72002    0.986425    0.986227 0.000450297
           9     5.78466    0.986755    0.986008 0.000452434
           9     5.84929    0.988304    0.987186 0.000541177
           9     5.91392    0.985639    0.985193 0.000678223
           9     5.97856    0.984719    0.986764 0.000811517
           9     6.04319     0.98736    0.986616 0.000504933
           9     6.10782     0.98437    0.985768 0.000549195
           9     6.17246    0.988477    0.986029 0.000431258
           9     6.23709     0.98667    0.985867 0.000463417
           9     6.30172    0.983563    0.985354 0.000548296
           9     6.36635    0.987146    0.985951 0.000329645
           9     6.43099    0.985705    0.986002 0.000364279
          10   0.0323165           0           0           0
          10   0.0969496           0           0           0
          10    0.161583           0           0           0
          10    0.226216           0           0           0
          10    0.290849           0           0           0
          10    0.355482           0           0           0
          10    0.420115           0           0           0
          10    0.484748           0           0           0
          10    0.549381           0           0           0
          10    0.614014           0           0           0
          10    0.678647           0           0           0
          10     0.74328           0           0           0
          10    0.807913           0           0           0
          10    0.872546 0.000478946 0.000927958 8.60313e-05
          10    0.937179    0.142098    0.147879  0.00099486
          10     1.00181     1.07664     1.06718  0.00227474
          10     1.06645     2.06236     2.04127  0.00636033
          10     1.13108     2.29688     2.26208   0.0071085
          10     1.19571     2.09379     2.08799  0.00414451
          10     1.26034     1.81887     1.82937  0.00530193
          10     1.32498        1.62     1.61431  0.00346226
          10     1.38961     1.45177     1.45476  0.00209558
          10     1.45424     1.34422     1.33613  0.00338902
          10     1.51888     1.23729     1.24344  0.00211457
          10     1.58351     1.18183     1.18565  0.00156119
          10     1.64814     1.15116      1.1397  0.00273831
          10     1.71278      1.1131     1.11064  0.00166485
          10     1.77741     1.08699     1.09149  0.00189742
          10     1.84204     1.06675     1.06999  0.00104134
          10     1.90667      1.0662     1.06453  0.00126877
          10     1.97131     1.05526     1.05634   0.0016011
          10     2.03594     1.06024     1.05807  0.00163205
          10     2.10057     1.05794     1.05719  0.00173287
          10     2.16521      1.0415     1.05014  0.00171639
          10     2.22984      1.0564     1.04701   0.0013545
          10     2.29447     1.04104     1.04194  0.00144668
          10     2.35911     1.03464     1.03332  0.00112138
          10     2.42374     1.03256     1.03079  0.00144134
          10     2.48837      1.0238      1.0244  0.00117239
          10     2.55301     1.02485     1.02263  0.00164567
          10     2.61764     1.01847     1.01641  0.00123305
          10     2.68227     1.01193     1.01105 0.000442778
          10      2.7469     1.01404     1.00874  0.00130775
          10     2.81154     0.99957     1.00428  0.00117872
          10     2.87617     1.00327     1.00436  0.00144203
          10      2.9408     1.00479     1.00335  0.00132385
          10     3.00544     1.00092    0.999398 0.000894337
          10     3.07007     0.99804    0.999191  0.00109375
          10      3.1347     1.00084    0.997312 0.000937401
          10     3.19934     1.00088    0.996602  0.00136173
          10     3.26397     0.99423    0.995671 0.000688378
          10      3.3286    0.995982    0.995636 0.000571104
          10     3.39323     1.00035    0.994558 0.000740036
          10     3.45787    0.998898    0.995292  0.00114922
          10      3.5225    0.993037     0.99289  0.00105587
          10     3.58713    0.999593    0.990685  0.00105176
          10     3.65177    0.996717    0.991345  0.00116624
          10      3.7164    0.994142    0.992297 0.000825131
          10     3.78103    0.992399    0.990768 0.000937476
          10     3.84567    0.986693    0.989633 0.000872092
          10      3.9103    0.992622    0.990413 0.000745969
          10     3.97493    0.991838    0.989731 0.000841827
          10     4.03957    0.990874    0.989711 0.000697631
          10      4.1042     0.98942     0.98834 0.000809394
          10     4.16883    0.985356    0.986957 0.000751799
          10     4.23346     0.98816    0.988218 0.000925066
          10      4.2981    0.992543    0.987418  0.00091166
          10     4.36273     0.98941    0.988677 0.000698048
          10     4.42736    0.987135    0.987383 0.000543792
          10       4.492    0.986725    0.988539 0.000793089
          10     4.55663    0.989953    0.987231 0.000578875
          10     4.62126    0.988739    0.987734 0.000785262
          10      4.6859    0.986409    0.985976 0.000401939
          10     4.75053    0.987508    0.986827 0.000434196
          10     4.81516    0.989518    0.987088 0.000718693
          10     4.87979    0.988326     0.98723 0.000798368
          10     4.94443    0.985262    0.987036 0.000489169
          10     5.00906    0.986151    0.986688 0.000618427
          10     5.07369    0.987316    0.986121 0.000538699
          10     5.13833     0.98735    0.985877 0.000607461
          10     5.20296     0.98741    0.986775 0.000530357
          10     5.26759    0.987412    0.985831 0.000528937
          10     5.33223    0.990771    0.987681 0.000677986
          10     5.39686    0.985481    0.987394 0.000373449
          10     5.46149    0.985367    0.986053 0.000378899
          10     5.52612    0.984058    0.986702 0.000646611
          10     5.59076    0.987999    0.986051 0.000684435
          10     5.65539    0.986958    0.985843 0.000416986
          10     5.72002    0.986696    0.986274 0.000407698
          10     5.78466    0.987618    0.986169 0.000434879
          10     5.84929    0.985814    0.987049 0.000504162
          10     5.91392    0.985579    0.985231 0.000611499
          10     5.97856    0.985909    0.986679 0.000734853
          10     6.04319    0.988052    0.986759 0.000474426
          10     6.10782    0.985964    0.985787 0.000494628
          10     6.17246    0.988688    0.986295 0.000462907
          10     6.23709    0.986564    0.985937 0.000422287
          10     6.30172    0.985564    0.985375 0.000493869
          10     6.36635    0.985466    0.985903 0.000300235
          10     6.43099    0.984397    0.985841 0.000361469
