   0.0323165           0           0
   0.0969496           0           0
    0.161583           0           0
    0.226216           0           0
    0.290849           0           0
    0.355482           0           0
    0.420115           0           0
    0.484748           0           0
    0.549381           0           0
    0.614014           0           0
    0.678647           0           0
     0.74328           0           0
    0.807913           0           0
    0.872546 0.000927958 8.60313e-05
    0.937179    0.147879  0.00099486
     1.00181     1.06718  0.00227474
     1.06645     2.04127  0.00636033
     1.13108     2.26208   0.0071085
     1.19571     2.08799  0.00414451
     1.26034     1.82937  0.00530193
     1.32498     1.61431  0.00346226
     1.38961     1.45476  0.00209558
     1.45424     1.33613  0.00338902
     1.51888     1.24344  0.00211457
     1.58351     1.18565  0.00156119
     1.64814      1.1397  0.00273831
     1.71278     1.11064  0.00166485
     1.77741     1.09149  0.00189742
     1.84204     1.06999  0.00104134
     1.90667     1.06453  0.00126877
     1.97131     1.05634   0.0016011
     2.03594     1.05807  0.00163205
     2.10057     1.05719  0.00173287
     2.16521     1.05014  0.00171639
     2.22984     1.04701   0.0013545
     2.29447     1.04194  0.00144668
     2.35911     1.03332  0.00112138
     2.42374     1.03079  0.00144134
     2.48837      1.0244  0.00117239
     2.55301     1.02263  0.00164567
     2.61764     1.01641  0.00123305
     2.68227     1.01105 0.000442778
      2.7469     1.00874  0.00130775
     2.81154     1.00428  0.00117872
     2.87617     1.00436  0.00144203
      2.9408     1.00335  0.00132385
     3.00544    0.999398 0.000894337
     3.07007    0.999191  0.00109375
      3.1347    0.997312 0.000937401
     3.19934    0.996602  0.00136173
     3.26397    0.995671 0.000688378
      3.3286    0.995636 0.000571104
     3.39323    0.994558 0.000740036
     3.45787    0.995292  0.00114922
      3.5225     0.99289  0.00105587
     3.58713    0.990685  0.00105176
     3.65177    0.991345  0.00116624
      3.7164    0.992297 0.000825131
     3.78103    0.990768 0.000937476
     3.84567    0.989633 0.000872092
      3.9103    0.990413 0.000745969
     3.97493    0.989731 0.000841827
     4.03957    0.989711 0.000697631
      4.1042     0.98834 0.000809394
     4.16883    0.986957 0.000751799
     4.23346    0.988218 0.000925066
      4.2981    0.987418  0.00091166
     4.36273    0.988677 0.000698048
     4.42736    0.987383 0.000543792
       4.492    0.988539 0.000793089
     4.55663    0.987231 0.000578875
     4.62126    0.987734 0.000785262
      4.6859    0.985976 0.000401939
     4.75053    0.986827 0.000434196
     4.81516    0.987088 0.000718693
     4.87979     0.98723 0.000798368
     4.94443    0.987036 0.000489169
     5.00906    0.986688 0.000618427
     5.07369    0.986121 0.000538699
     5.13833    0.985877 0.000607461
     5.20296    0.986775 0.000530357
     5.26759    0.985831 0.000528937
     5.33223    0.987681 0.000677986
     5.39686    0.987394 0.000373449
     5.46149    0.986053 0.000378899
     5.52612    0.986702 0.000646611
     5.59076    0.986051 0.000684435
     5.65539    0.985843 0.000416986
     5.72002    0.986274 0.000407698
     5.78466    0.986169 0.000434879
     5.84929    0.987049 0.000504162
     5.91392    0.985231 0.000611499
     5.97856    0.986679 0.000734853
     6.04319    0.986759 0.000474426
     6.10782    0.985787 0.000494628
     6.17246    0.986295 0.000462907
     6.23709    0.985937 0.000422287
     6.30172    0.985375 0.000493869
     6.36635    0.985903 0.000300235
     6.43099    0.985841 0.000361469
