   0.0115332           0           0
   0.0345996           0           0
   0.0576661           0           0
   0.0807325           0           0
    0.103799           0           0
    0.126865           0           0
    0.149932           0           0
    0.172998           0           0
    0.196065           0           0
    0.219131           0           0
    0.242198           0           0
    0.265264           0           0
     0.28833           0           0
    0.311397           0           0
    0.334463           0           0
     0.35753           0           0
    0.380596           0           0
    0.403663           0           0
    0.426729           0           0
    0.449795           0           0
    0.472862           0           0
    0.495928           0           0
    0.518995           0           0
    0.542061           0           0
    0.565128           0           0
    0.588194           0           0
     0.61126           0           0
    0.634327           0           0
    0.657393           0           0
     0.68046           0           0
    0.703526           0           0
    0.726593           0           0
    0.749659           0           0
    0.772725           0           0
    0.795792           0           0
    0.818858           0           0
    0.841925           0           0
    0.864991           0           0
    0.888058 0.000101256 2.08083e-05
    0.911124  0.00329683 0.000132689
     0.93419   0.0465898 0.000464698
    0.957257    0.293196  0.00162362
    0.980323     1.00371  0.00332206
     1.00339     2.23603  0.00316917
     1.02646      3.6202  0.00346245
     1.04952     4.62352  0.00369196
     1.07259     4.89129   0.0059427
     1.09566     4.50476  0.00524496
     1.11872     3.66478  0.00483865
     1.14179     2.69844  0.00384096
     1.16485     1.81545   0.0022061
     1.18792     1.13055  0.00158877
     1.21099    0.650082  0.00175284
     1.23405    0.351029  0.00181402
     1.25712    0.178737   0.0013111
     1.28019   0.0882291  0.00116719
     1.30325   0.0486611 0.000849386
     1.32632   0.0423298  0.00068882
     1.34939    0.060225 0.000675629
     1.37245     0.10545 0.000994959
     1.39552     0.18326 0.000893343
     1.41859    0.299198  0.00100747
     1.44165    0.452898 0.000883302
     1.46472    0.631496 0.000928255
     1.48778    0.797548  0.00126533
     1.51085    0.922286  0.00154134
     1.53392    0.970581  0.00174701
     1.55698     0.92769   0.0013779
     1.58005    0.809213   0.0016706
     1.60312    0.640341 0.000800825
     1.62618    0.465542 0.000722782
     1.64925    0.316917 0.000874708
     1.67232    0.219047  0.00126343
     1.69538    0.191045  0.00143034
     1.71845    0.253575  0.00164098
     1.74152    0.431365   0.0016935
     1.76458    0.747069  0.00203807
     1.78765     1.19645  0.00144852
     1.81071     1.72679  0.00109269
     1.83378     2.23747  0.00201337
     1.85685     2.59834  0.00333288
     1.87991     2.71928  0.00327613
     1.90298     2.56207  0.00324341
     1.92605     2.18437  0.00272618
     1.94911     1.68956  0.00184605
     1.97218     1.20156  0.00126842
     1.99525    0.799395  0.00174753
     2.01831    0.540012  0.00204676
     2.04138    0.431824  0.00220962
     2.06445    0.459332  0.00199117
     2.08751    0.584384  0.00139291
     2.11058    0.756367 0.000759065
     2.13364    0.918015 0.000901707
     2.15671     1.01629  0.00173447
     2.17978     1.02504  0.00174468
     2.20284    0.922252  0.00149694
     2.22591    0.780659 0.000698974
     2.24898    0.654065  0.00110569
     2.27204    0.570472  0.00140565
     2.29511    0.572384  0.00209342
