           1   0.0115332           0
           1   0.0345996           0
           1   0.0576661           0
           1   0.0807325           0
           1    0.103799           0
           1    0.126865           0
           1    0.149932           0
           1    0.172998           0
           1    0.196065           0
           1    0.219131           0
           1    0.242198           0
           1    0.265264           0
           1     0.28833           0
           1    0.311397           0
           1    0.334463           0
           1     0.35753           0
           1    0.380596           0
           1    0.403663           0
           1    0.426729           0
           1    0.449795           0
           1    0.472862           0
           1    0.495928           0
           1    0.518995           0
           1    0.542061           0
           1    0.565128           0
           1    0.588194           0
           1     0.61126           0
           1    0.634327           0
           1    0.657393           0
           1     0.68046           0
           1    0.703526           0
           1    0.726593           0
           1    0.749659           0
           1    0.772725           0
           1    0.795792           0
           1    0.818858           0
           1    0.841925           0
           1    0.864991           0
           1    0.888058 7.36405e-05
           1    0.911124  0.00353294
           1     0.93419   0.0449527
           1    0.957257    0.289357
           1    0.980323     1.00546
           1     1.00339      2.2216
           1     1.02646     3.63386
           1     1.04952     4.66488
           1     1.07259     4.87905
           1     1.09566     4.50868
           1     1.11872      3.6555
           1     1.14179     2.67338
           1     1.16485     1.80809
           1     1.18792     1.13033
           1     1.21099    0.650642
           1     1.23405    0.354232
           1     1.25712    0.183162
           1     1.28019   0.0919784
           1     1.30325   0.0498725
           1     1.32632   0.0435473
           1     1.34939   0.0607784
           1     1.37245   0.0992212
           1     1.39552     0.18475
           1     1.41859    0.288229
           1     1.44165    0.450113
           1     1.46472    0.637457
           1     1.48778    0.803546
           1     1.51085    0.926069
           1     1.53392    0.972984
           1     1.55698    0.930809
           1     1.58005    0.804124
           1     1.60312    0.643738
           1     1.62618    0.469751
           1     1.64925    0.316216
           1     1.67232    0.216779
           1     1.69538    0.193392
           1     1.71845    0.249587
           1     1.74152    0.434957
           1     1.76458    0.746849
           1     1.78765     1.19845
           1     1.81071     1.73111
           1     1.83378     2.24721
           1     1.85685     2.59398
           1     1.87991     2.71599
           1     1.90298     2.56306
           1     1.92605     2.17658
           1     1.94911     1.67453
           1     1.97218     1.19326
           1     1.99525    0.799959
           1     2.01831    0.543408
           1     2.04138    0.434725
           1     2.06445     0.46254
           1     2.08751    0.586527
           1     2.11058    0.759655
           1     2.13364    0.922993
           1     2.15671     1.02193
           1     2.17978     1.02083
           1     2.20284    0.916897
           1     2.22591    0.780643
           1     2.24898    0.650015
           1     2.27204    0.564215
           1     2.29511    0.566663
           2   0.0115332           0
           2   0.0345996           0
           2   0.0576661           0
           2   0.0807325           0
           2    0.103799           0
           2    0.126865           0
           2    0.149932           0
           2    0.172998           0
           2    0.196065           0
           2    0.219131           0
           2    0.242198           0
           2    0.265264           0
           2     0.28833           0
           2    0.311397           0
           2    0.334463           0
           2     0.35753           0
           2    0.380596           0
           2    0.403663           0
           2    0.426729           0
           2    0.449795           0
           2    0.472862           0
           2    0.495928           0
           2    0.518995           0
           2    0.542061           0
           2    0.565128           0
           2    0.588194           0
           2     0.61126           0
           2    0.634327           0
           2    0.657393           0
           2     0.68046           0
           2    0.703526           0
           2    0.726593           0
           2    0.749659           0
           2    0.772725           0
           2    0.795792           0
           2    0.818858           0
           2    0.841925           0
           2    0.864991           0
           2    0.888058 0.000220922
           2    0.911124  0.00269343
           2     0.93419   0.0468493
           2    0.957257     0.29655
           2    0.980323     0.99679
           2     1.00339     2.22945
           2     1.02646     3.60285
           2     1.04952     4.62903
           2     1.07259     4.88394
           2     1.09566     4.51507
           2     1.11872     3.69044
           2     1.14179     2.71125
           2     1.16485       1.821
           2     1.18792      1.1307
           2     1.21099    0.641593
           2     1.23405    0.347234
           2     1.25712     0.17403
           2     1.28019   0.0866982
           2     1.30325   0.0458546
           2     1.32632   0.0414838
           2     1.34939   0.0577483
           2     1.37245   0.0990054
           2     1.39552    0.177085
           2     1.41859    0.297219
           2     1.44165     0.45341
           2     1.46472    0.637511
           2     1.48778    0.803073
           2     1.51085    0.922417
           2     1.53392    0.974626
           2     1.55698    0.932043
           2     1.58005    0.810905
           2     1.60312    0.645885
           2     1.62618    0.460318
           2     1.64925    0.315575
           2     1.67232    0.214225
           2     1.69538    0.187189
           2     1.71845    0.249833
           2     1.74152    0.427967
           2     1.76458    0.741272
           2     1.78765     1.18862
           2     1.81071     1.72126
           2     1.83378     2.23879
           2     1.85685     2.61282
           2     1.87991      2.7204
           2     1.90298     2.57948
           2     1.92605     2.19182
           2     1.94911     1.70044
           2     1.97218     1.20088
           2     1.99525    0.793058
           2     2.01831    0.533756
           2     2.04138     0.42221
           2     2.06445    0.452108
           2     2.08751     0.57943
           2     2.11058    0.753038
           2     2.13364    0.919676
           2     2.15671     1.02153
           2     2.17978     1.03079
           2     2.20284     0.92941
           2     2.22591    0.784153
           2     2.24898    0.653449
           2     2.27204    0.565047
           2     2.29511    0.562446
           3   0.0115332           0
           3   0.0345996           0
           3   0.0576661           0
           3   0.0807325           0
           3    0.103799           0
           3    0.126865           0
           3    0.149932           0
           3    0.172998           0
           3    0.196065           0
           3    0.219131           0
           3    0.242198           0
           3    0.265264           0
           3     0.28833           0
           3    0.311397           0
           3    0.334463           0
           3     0.35753           0
           3    0.380596           0
           3    0.403663           0
           3    0.426729           0
           3    0.449795           0
           3    0.472862           0
           3    0.495928           0
           3    0.518995           0
           3    0.542061           0
           3    0.565128           0
           3    0.588194           0
           3     0.61126           0
           3    0.634327           0
           3    0.657393           0
           3     0.68046           0
           3    0.703526           0
           3    0.726593           0
           3    0.749659           0
           3    0.772725           0
           3    0.795792           0
           3    0.818858           0
           3    0.841925           0
           3    0.864991           0
           3    0.888058 0.000147281
           3    0.911124  0.00237861
           3     0.93419   0.0416919
           3    0.957257    0.302159
           3    0.980323     1.00477
           3     1.00339     2.23735
           3     1.02646     3.61503
           3     1.04952      4.6005
           3     1.07259     4.88081
           3     1.09566     4.52216
           3     1.11872     3.65666
           3     1.14179     2.72406
           3     1.16485     1.82431
           3     1.18792     1.13358
           3     1.21099    0.645355
           3     1.23405    0.348893
           3     1.25712    0.177411
           3     1.28019   0.0855288
           3     1.30325   0.0448117
           3     1.32632   0.0396845
           3     1.34939   0.0595982
           3     1.37245    0.109242
           3     1.39552    0.185271
           3     1.41859    0.301909
           3     1.44165    0.454849
           3     1.46472    0.636009
           3     1.48778    0.791279
           3     1.51085    0.919631
           3     1.53392    0.969158
           3     1.55698    0.924867
           3     1.58005     0.80638
           3     1.60312    0.638326
           3     1.62618     0.46672
           3     1.64925    0.317978
           3     1.67232    0.220455
           3     1.69538    0.188492
           3     1.71845    0.254002
           3     1.74152    0.434967
           3     1.76458    0.751149
           3     1.78765     1.20623
           3     1.81071     1.72558
           3     1.83378     2.23582
           3     1.85685     2.58912
           3     1.87991     2.70638
           3     1.90298     2.56122
           3     1.92605     2.18333
           3     1.94911     1.69839
           3     1.97218     1.20479
           3     1.99525    0.805109
           3     2.01831    0.539659
           3     2.04138    0.431547
           3     2.06445    0.457907
           3     2.08751    0.579503
           3     2.11058    0.755255
           3     2.13364    0.921921
           3     2.15671     1.00945
           3     2.17978     1.02677
           3     2.20284    0.927357
           3     2.22591     0.78076
           3     2.24898    0.656027
           3     2.27204     0.57348
           3     2.29511    0.576609
           4   0.0115332           0
           4   0.0345996           0
           4   0.0576661           0
           4   0.0807325           0
           4    0.103799           0
           4    0.126865           0
           4    0.149932           0
           4    0.172998           0
           4    0.196065           0
           4    0.219131           0
           4    0.242198           0
           4    0.265264           0
           4     0.28833           0
           4    0.311397           0
           4    0.334463           0
           4     0.35753           0
           4    0.380596           0
           4    0.403663           0
           4    0.426729           0
           4    0.449795           0
           4    0.472862           0
           4    0.495928           0
           4    0.518995           0
           4    0.542061           0
           4    0.565128           0
           4    0.588194           0
           4     0.61126           0
           4    0.634327           0
           4    0.657393           0
           4     0.68046           0
           4    0.703526           0
           4    0.726593           0
           4    0.749659           0
           4    0.772725           0
           4    0.795792           0
           4    0.818858           0
           4    0.841925           0
           4    0.864991           0
           4    0.888058 0.000147281
           4    0.911124  0.00297327
           4     0.93419   0.0422243
           4    0.957257    0.290878
           4    0.980323     0.99108
           4     1.00339     2.22769
           4     1.02646     3.63537
           4     1.04952     4.61853
           4     1.07259     4.90732
           4     1.09566     4.51321
           4     1.11872      3.6722
           4     1.14179       2.708
           4     1.16485     1.80096
           4     1.18792     1.14068
           4     1.21099    0.645632
           4     1.23405     0.35038
           4     1.25712    0.173074
           4     1.28019   0.0828001
           4     1.30325   0.0430336
           4     1.32632   0.0397505
           4     1.34939   0.0588008
           4     1.37245    0.103923
           4     1.39552    0.186166
           4     1.41859    0.302385
           4     1.44165    0.459516
           4     1.46472    0.632869
           4     1.48778     0.80718
           4     1.51085    0.914734
           4     1.53392      0.9717
           4     1.55698    0.920651
           4     1.58005    0.802018
           4     1.60312    0.643795
           4     1.62618    0.464403
           4     1.64925    0.319131
           4     1.67232    0.217859
           4     1.69538    0.189462
           4     1.71845    0.252695
           4     1.74152     0.43218
           4     1.76458    0.734399
           4     1.78765     1.19313
           4     1.81071     1.72145
           4     1.83378     2.25294
           4     1.85685     2.61129
           4     1.87991     2.72474
           4     1.90298      2.5662
           4     1.92605     2.18131
           4     1.94911     1.69179
           4     1.97218     1.20329
           4     1.99525    0.796654
           4     2.01831    0.537228
           4     2.04138    0.426683
           4     2.06445    0.452708
           4     2.08751    0.581502
           4     2.11058    0.755463
           4     2.13364    0.916627
           4     2.15671     1.02074
           4     2.17978     1.02816
           4     2.20284    0.926681
           4     2.22591    0.779611
           4     2.24898    0.652984
           4     2.27204    0.571685
           4     2.29511    0.577722
           5   0.0115332           0
           5   0.0345996           0
           5   0.0576661           0
           5   0.0807325           0
           5    0.103799           0
           5    0.126865           0
           5    0.149932           0
           5    0.172998           0
           5    0.196065           0
           5    0.219131           0
           5    0.242198           0
           5    0.265264           0
           5     0.28833           0
           5    0.311397           0
           5    0.334463           0
           5     0.35753           0
           5    0.380596           0
           5    0.403663           0
           5    0.426729           0
           5    0.449795           0
           5    0.472862           0
           5    0.495928           0
           5    0.518995           0
           5    0.542061           0
           5    0.565128           0
           5    0.588194           0
           5     0.61126           0
           5    0.634327           0
           5    0.657393           0
           5     0.68046           0
           5    0.703526           0
           5    0.726593           0
           5    0.749659           0
           5    0.772725           0
           5    0.795792           0
           5    0.818858           0
           5    0.841925           0
           5    0.864991           0
           5    0.888058           0
           5    0.911124  0.00276339
           5     0.93419   0.0466829
           5    0.957257    0.281403
           5    0.980323     1.00981
           5     1.00339      2.2304
           5     1.02646     3.61897
           5     1.04952     4.63211
           5     1.07259     4.88458
           5     1.09566     4.51679
           5     1.11872     3.68847
           5     1.14179     2.68949
           5     1.16485     1.79835
           5     1.18792     1.13237
           5     1.21099    0.652523
           5     1.23405    0.360067
           5     1.25712     0.17482
           5     1.28019   0.0861312
           5     1.30325    0.048026
           5     1.32632   0.0410381
           5     1.34939   0.0588487
           5     1.37245    0.102104
           5     1.39552    0.181409
           5     1.41859    0.303439
           5     1.44165    0.449931
           5     1.46472    0.630622
           5     1.48778    0.790912
           5     1.51085    0.925471
           5     1.53392    0.975169
           5     1.55698    0.931911
           5     1.58005     0.80695
           5     1.60312    0.645885
           5     1.62618    0.467895
           5     1.64925    0.312885
           5     1.67232    0.213083
           5     1.69538    0.184976
           5     1.71845    0.249823
           5     1.74152    0.429097
           5     1.76458    0.740545
           5     1.78765      1.1971
           5     1.81071     1.73215
           5     1.83378      2.2453
           5     1.85685     2.59502
           5     1.87991     2.73019
           5     1.90298     2.56512
           5     1.92605      2.1914
           5     1.94911     1.69045
           5     1.97218     1.20456
           5     1.99525    0.796939
           5     2.01831    0.536793
           5     2.04138    0.427506
           5     2.06445    0.455215
           5     2.08751    0.582522
           5     2.11058    0.756708
           5     2.13364    0.919644
           5     2.15671     1.01733
           5     2.17978     1.02291
           5     2.20284    0.921792
           5     2.22591    0.782231
           5     2.24898    0.661251
           5     2.27204    0.569272
           5     2.29511    0.568543
           6   0.0115332           0
           6   0.0345996           0
           6   0.0576661           0
           6   0.0807325           0
           6    0.103799           0
           6    0.126865           0
           6    0.149932           0
           6    0.172998           0
           6    0.196065           0
           6    0.219131           0
           6    0.242198           0
           6    0.265264           0
           6     0.28833           0
           6    0.311397           0
           6    0.334463           0
           6     0.35753           0
           6    0.380596           0
           6    0.403663           0
           6    0.426729           0
           6    0.449795           0
           6    0.472862           0
           6    0.495928           0
           6    0.518995           0
           6    0.542061           0
           6    0.565128           0
           6    0.588194           0
           6     0.61126           0
           6    0.634327           0
           6    0.657393           0
           6     0.68046           0
           6    0.703526           0
           6    0.726593           0
           6    0.749659           0
           6    0.772725           0
           6    0.795792           0
           6    0.818858           0
           6    0.841925           0
           6    0.864991           0
           6    0.888058 0.000220922
           6    0.911124  0.00311319
           6     0.93419   0.0443871
           6    0.957257    0.297121
           6    0.980323     1.00824
           6     1.00339     2.25434
           6     1.02646     3.64744
           6     1.04952     4.60722
           6     1.07259     4.88208
           6     1.09566     4.47349
           6     1.11872     3.64111
           6     1.14179     2.69022
           6     1.16485     1.81173
           6     1.18792     1.13124
           6     1.21099    0.664859
           6     1.23405    0.357131
           6     1.25712    0.183474
           6     1.28019   0.0939275
           6     1.30325   0.0513428
           6     1.32632   0.0471789
           6     1.34939   0.0666633
           6     1.37245    0.113004
           6     1.39552    0.187642
           6     1.41859    0.306916
           6     1.44165    0.445195
           6     1.46472    0.624666
           6     1.48778    0.800896
           6     1.51085    0.908042
           6     1.53392    0.965233
           6     1.55698    0.919776
           6     1.58005    0.807148
           6     1.60312    0.639117
           6     1.62618    0.461559
           6     1.64925    0.321415
           6     1.67232    0.227869
           6     1.69538    0.201192
           6     1.71845    0.266393
           6     1.74152    0.440568
           6     1.76458    0.759309
           6     1.78765     1.19628
           6     1.81071     1.72643
           6     1.83378     2.22938
           6     1.85685     2.58216
           6     1.87991     2.70173
           6     1.90298     2.54543
           6     1.92605     2.17339
           6     1.94911     1.67347
           6     1.97218     1.20681
           6     1.99525     0.80942
           6     2.01831    0.553624
           6     2.04138    0.450321
           6     2.06445    0.470376
           6     2.08751    0.589759
           6     2.11058    0.758703
           6     2.13364     0.91803
           6     2.15671     1.00524
           6     2.17978     1.01343
           6     2.20284    0.915963
           6     2.22591    0.781311
           6     2.24898    0.658197
           6     2.27204    0.580202
           6     2.29511    0.584614
           7   0.0115332           0
           7   0.0345996           0
           7   0.0576661           0
           7   0.0807325           0
           7    0.103799           0
           7    0.126865           0
           7    0.149932           0
           7    0.172998           0
           7    0.196065           0
           7    0.219131           0
           7    0.242198           0
           7    0.265264           0
           7     0.28833           0
           7    0.311397           0
           7    0.334463           0
           7     0.35753           0
           7    0.380596           0
           7    0.403663           0
           7    0.426729           0
           7    0.449795           0
           7    0.472862           0
           7    0.495928           0
           7    0.518995           0
           7    0.542061           0
           7    0.565128           0
           7    0.588194           0
           7     0.61126           0
           7    0.634327           0
           7    0.657393           0
           7     0.68046           0
           7    0.703526           0
           7    0.726593           0
           7    0.749659           0
           7    0.772725           0
           7    0.795792           0
           7    0.818858           0
           7    0.841925           0
           7    0.864991           0
           7    0.888058 0.000184101
           7    0.911124  0.00241359
           7     0.93419   0.0478142
           7    0.957257    0.293793
           7    0.980323     1.02386
           7     1.00339      2.2268
           7     1.02646     3.61892
           7     1.04952     4.60214
           7     1.07259     4.90394
           7     1.09566     4.51386
           7     1.11872     3.64631
           7     1.14179     2.70428
           7     1.16485     1.81843
           7     1.18792     1.12743
           7     1.21099    0.645097
           7     1.23405    0.349885
           7     1.25712    0.181086
           7     1.28019   0.0918898
           7     1.30325   0.0500605
           7     1.32632   0.0422597
           7     1.34939    0.059359
           7     1.37245    0.103846
           7     1.39552    0.179605
           7     1.41859    0.296959
           7     1.44165    0.451594
           7     1.46472    0.635752
           7     1.48778    0.803126
           7     1.51085    0.922036
           7     1.53392    0.972416
           7     1.55698    0.928617
           7     1.58005    0.807055
           7     1.60312    0.642597
           7     1.62618    0.465435
           7     1.64925    0.318266
           7     1.67232    0.218763
           7     1.69538    0.190705
           7     1.71845    0.251633
           7     1.74152    0.430907
           7     1.76458    0.750776
           7     1.78765     1.18572
           7     1.81071     1.73445
           7     1.83378     2.23041
           7     1.85685     2.60562
           7     1.87991     2.73736
           7     1.90298     2.56148
           7     1.92605     2.17052
           7     1.94911     1.68277
           7     1.97218     1.20346
           7     1.99525    0.800958
           7     2.01831     0.54174
           7     2.04138    0.431164
           7     2.06445    0.457961
           7     2.08751     0.57843
           7     2.11058    0.756858
           7     2.13364    0.918585
           7     2.15671     1.01957
           7     2.17978     1.02592
           7     2.20284    0.916017
           7     2.22591    0.783087
           7     2.24898    0.651221
           7     2.27204    0.569469
           7     2.29511      0.5706
           8   0.0115332           0
           8   0.0345996           0
           8   0.0576661           0
           8   0.0807325           0
           8    0.103799           0
           8    0.126865           0
           8    0.149932           0
           8    0.172998           0
           8    0.196065           0
           8    0.219131           0
           8    0.242198           0
           8    0.265264           0
           8     0.28833           0
           8    0.311397           0
           8    0.334463           0
           8     0.35753           0
           8    0.380596           0
           8    0.403663           0
           8    0.426729           0
           8    0.449795           0
           8    0.472862           0
           8    0.495928           0
           8    0.518995           0
           8    0.542061           0
           8    0.565128           0
           8    0.588194           0
           8     0.61126           0
           8    0.634327           0
           8    0.657393           0
           8     0.68046           0
           8    0.703526           0
           8    0.726593           0
           8    0.749659           0
           8    0.772725           0
           8    0.795792           0
           8    0.818858           0
           8    0.841925           0
           8    0.864991           0
           8    0.888058           0
           8    0.911124  0.00402266
           8     0.93419   0.0491119
           8    0.957257    0.291797
           8    0.980323     1.01658
           8     1.00339     2.23828
           8     1.02646     3.60224
           8     1.04952     4.62945
           8     1.07259     4.90187
           8     1.09566     4.51129
           8     1.11872     3.64039
           8     1.14179     2.69795
           8     1.16485     1.81888
           8     1.18792     1.12797
           8     1.21099    0.650206
           8     1.23405    0.351429
           8     1.25712    0.179579
           8     1.28019   0.0909153
           8     1.30325   0.0494792
           8     1.32632   0.0416324
           8     1.34939   0.0599172
           8     1.37245    0.104293
           8     1.39552    0.180291
           8     1.41859    0.299499
           8     1.44165    0.452404
           8     1.46472    0.634845
           8     1.48778    0.791463
           8     1.51085     0.93075
           8     1.53392    0.961815
           8     1.55698     0.93784
           8     1.58005    0.812789
           8     1.60312     0.63845
           8     1.62618    0.464568
           8     1.64925    0.313301
           8     1.67232    0.220746
           8     1.69538    0.191765
           8     1.71845    0.255802
           8     1.74152    0.429059
           8     1.76458    0.746029
           8     1.78765     1.20006
           8     1.81071     1.72741
           8     1.83378     2.23521
           8     1.85685     2.59714
           8     1.87991     2.71839
           8     1.90298     2.56049
           8     1.92605     2.19355
           8     1.94911     1.67619
           8     1.97218     1.20004
           8     1.99525    0.803898
           8     2.01831    0.540635
           8     2.04138    0.431164
           8     2.06445    0.460823
           8     2.08751    0.584394
           8     2.11058    0.757967
           8     2.13364    0.923746
           8     2.15671     1.01885
           8     2.17978     1.02342
           8     2.20284    0.915353
           8     2.22591    0.780631
           8     2.24898     0.65032
           8     2.27204    0.571263
           8     2.29511    0.568356
           9   0.0115332           0
           9   0.0345996           0
           9   0.0576661           0
           9   0.0807325           0
           9    0.103799           0
           9    0.126865           0
           9    0.149932           0
           9    0.172998           0
           9    0.196065           0
           9    0.219131           0
           9    0.242198           0
           9    0.265264           0
           9     0.28833           0
           9    0.311397           0
           9    0.334463           0
           9     0.35753           0
           9    0.380596           0
           9    0.403663           0
           9    0.426729           0
           9    0.449795           0
           9    0.472862           0
           9    0.495928           0
           9    0.518995           0
           9    0.542061           0
           9    0.565128           0
           9    0.588194           0
           9     0.61126           0
           9    0.634327           0
           9    0.657393           0
           9     0.68046           0
           9    0.703526           0
           9    0.726593           0
           9    0.749659           0
           9    0.772725           0
           9    0.795792           0
           9    0.818858           0
           9    0.841925           0
           9    0.864991           0
           9    0.888058 3.68203e-05
           9    0.911124  0.00402266
           9     0.93419   0.0460175
           9    0.957257    0.300892
           9    0.980323      1.0106
           9     1.00339      2.2484
           9     1.02646     3.63672
           9     1.04952     4.59077
           9     1.07259     4.87185
           9     1.09566     4.48103
           9     1.11872     3.66534
           9     1.14179     2.70045
           9     1.16485     1.83056
           9     1.18792     1.14161
           9     1.21099    0.649078
           9     1.23405    0.353908
           9     1.25712    0.175242
           9     1.28019   0.0899585
           9     1.30325   0.0522832
           9     1.32632   0.0468323
           9     1.34939   0.0616237
           9     1.37245    0.109689
           9     1.39552    0.186643
           9     1.41859    0.299557
           9     1.44165    0.457057
           9     1.46472     0.62652
           9     1.48778    0.791594
           9     1.51085    0.917189
           9     1.53392    0.959729
           9     1.55698     0.92349
           9     1.58005    0.802705
           9     1.60312    0.642043
           9     1.62618    0.471069
           9     1.64925    0.321874
           9     1.67232    0.227402
           9     1.69538    0.196645
           9     1.71845    0.255065
           9     1.74152    0.435781
           9     1.76458    0.751214
           9     1.78765     1.20394
           9     1.81071     1.72608
           9     1.83378      2.2192
           9     1.85685     2.58329
           9     1.87991     2.71115
           9     1.90298     2.55617
           9     1.92605     2.18498
           9     1.94911     1.69734
           9     1.97218      1.2035
           9     1.99525    0.802256
           9     2.01831      0.5442
           9     2.04138    0.439394
           9     2.06445    0.469511
           9     2.08751    0.584001
           9     2.11058     0.75695
           9     2.13364    0.916729
           9     2.15671     1.01545
           9     2.17978     1.01952
           9     2.20284     0.92026
           9     2.22591     0.77494
           9     2.24898    0.649992
           9     2.27204    0.574037
           9     2.29511    0.581129
          10   0.0115332           0
          10   0.0345996           0
          10   0.0576661           0
          10   0.0807325           0
          10    0.103799           0
          10    0.126865           0
          10    0.149932           0
          10    0.172998           0
          10    0.196065           0
          10    0.219131           0
          10    0.242198           0
          10    0.265264           0
          10     0.28833           0
          10    0.311397           0
          10    0.334463           0
          10     0.35753           0
          10    0.380596           0
          10    0.403663           0
          10    0.426729           0
          10    0.449795           0
          10    0.472862           0
          10    0.495928           0
          10    0.518995           0
          10    0.542061           0
          10    0.565128           0
          10    0.588194           0
          10     0.61126           0
          10    0.634327           0
          10    0.657393           0
          10     0.68046           0
          10    0.703526           0
          10    0.726593           0
          10    0.749659           0
          10    0.772725           0
          10    0.795792           0
          10    0.818858           0
          10    0.841925           0
          10    0.864991           0
          10    0.888058 0.000110461
          10    0.911124  0.00290331
          10     0.93419   0.0480472
          10    0.957257     0.28454
          10    0.980323     1.01172
          10     1.00339     2.23727
          10     1.02646     3.62501
          10     1.04952     4.61867
          10     1.07259     4.88061
          10     1.09566     4.51304
          10     1.11872      3.6723
          10     1.14179     2.67445
          10     1.16485     1.82228
          10     1.18792     1.11879
          10     1.21099    0.657652
          10     1.23405    0.355834
          10     1.25712    0.180663
          10     1.28019    0.094211
          10     1.30325   0.0502144
          10     1.32632   0.0452806
          10     1.34939   0.0632504
          10     1.37245    0.110969
          10     1.39552     0.18554
          10     1.41859    0.308186
          10     1.44165    0.451007
          10     1.46472    0.634033
          10     1.48778    0.787593
          10     1.51085    0.916476
          10     1.53392    0.963209
          10     1.55698     0.92355
          10     1.58005    0.792306
          10     1.60312    0.637637
          10     1.62618    0.466446
          10     1.64925    0.324501
          10     1.67232    0.225522
          10     1.69538    0.194493
          10     1.71845    0.262007
          10     1.74152    0.434258
          10     1.76458    0.759831
          10     1.78765     1.19917
          10     1.81071     1.72664
          10     1.83378     2.22541
          10     1.85685     2.59131
          10     1.87991     2.70397
          10     1.90298     2.56267
          10     1.92605     2.17432
          10     1.94911     1.69043
          10     1.97218     1.20454
          10     1.99525    0.801097
          10     2.01831    0.543936
          10     2.04138    0.439296
          10     2.06445    0.464428
          10     2.08751    0.588346
          10     2.11058      0.7553
          10     2.13364    0.917947
          10     2.15671     1.01388
          10     2.17978     1.02437
          10     2.20284     0.92266
          10     2.22591    0.782993
          10     2.24898    0.657152
          10     2.27204    0.576411
          10     2.29511    0.580495
          11   0.0115332           0
          11   0.0345996           0
          11   0.0576661           0
          11   0.0807325           0
          11    0.103799           0
          11    0.126865           0
          11    0.149932           0
          11    0.172998           0
          11    0.196065           0
          11    0.219131           0
          11    0.242198           0
          11    0.265264           0
          11     0.28833           0
          11    0.311397           0
          11    0.334463           0
          11     0.35753           0
          11    0.380596           0
          11    0.403663           0
          11    0.426729           0
          11    0.449795           0
          11    0.472862           0
          11    0.495928           0
          11    0.518995           0
          11    0.542061           0
          11    0.565128           0
          11    0.588194           0
          11     0.61126           0
          11    0.634327           0
          11    0.657393           0
          11     0.68046           0
          11    0.703526           0
          11    0.726593           0
          11    0.749659           0
          11    0.772725           0
          11    0.795792           0
          11    0.818858           0
          11    0.841925           0
          11    0.864991           0
          11    0.888058 0.000110461
          11    0.911124  0.00276339
          11     0.93419    0.046084
          11    0.957257     0.29636
          11    0.980323    0.986336
          11     1.00339     2.21627
          11     1.02646     3.61343
          11     1.04952     4.63214
          11     1.07259     4.92559
          11     1.09566     4.50561
          11     1.11872     3.68587
          11     1.14179     2.70049
          11     1.16485     1.80766
          11     1.18792      1.1207
          11     1.21099    0.645553
          11     1.23405     0.34998
          11     1.25712    0.182795
          11     1.28019   0.0866805
          11     1.30325   0.0451707
          11     1.32632   0.0394864
          11     1.34939   0.0587849
          11     1.37245    0.104941
          11     1.39552    0.181394
          11     1.41859    0.292616
          11     1.44165    0.453536
          11     1.46472    0.628876
          11     1.48778    0.801801
          11     1.51085    0.922468
          11     1.53392    0.980377
          11     1.55698    0.933336
          11     1.58005    0.813929
          11     1.60312    0.637286
          11     1.62618    0.464798
          11     1.64925    0.315714
          11     1.67232    0.219988
          11     1.69538    0.188472
          11     1.71845    0.244985
          11     1.74152    0.429241
          11     1.76458    0.737822
          11     1.78765     1.19077
          11     1.81071     1.72613
          11     1.83378     2.23989
          11     1.85685     2.59809
          11     1.87991     2.72472
          11     1.90298      2.5751
          11     1.92605     2.19553
          11     1.94911     1.70052
          11     1.97218      1.2023
          11     1.99525    0.798281
          11     2.01831    0.526884
          11     2.04138    0.427241
          11     2.06445    0.451284
          11     2.08751    0.584074
          11     2.11058    0.754003
          11     2.13364    0.921488
          11     2.15671     1.01538
          11     2.17978     1.03175
          11     2.20284     0.92105
          11     2.22591    0.779822
          11     2.24898    0.650176
          11     2.27204     0.56611
          11     2.29511    0.567297
          12   0.0115332           0
          12   0.0345996           0
          12   0.0576661           0
          12   0.0807325           0
          12    0.103799           0
          12    0.126865           0
          12    0.149932           0
          12    0.172998           0
          12    0.196065           0
          12    0.219131           0
          12    0.242198           0
          12    0.265264           0
          12     0.28833           0
          12    0.311397           0
          12    0.334463           0
          12     0.35753           0
          12    0.380596           0
          12    0.403663           0
          12    0.426729           0
          12    0.449795           0
          12    0.472862           0
          12    0.495928           0
          12    0.518995           0
          12    0.542061           0
          12    0.565128           0
          12    0.588194           0
          12     0.61126           0
          12    0.634327           0
          12    0.657393           0
          12     0.68046           0
          12    0.703526           0
          12    0.726593           0
          12    0.749659           0
          12    0.772725           0
          12    0.795792           0
          12    0.818858           0
          12    0.841925           0
          12    0.864991           0
          12    0.888058           0
          12    0.911124  0.00433747
          12     0.93419   0.0461173
          12    0.957257    0.286125
          12    0.980323    0.978963
          12     1.00339     2.22723
          12     1.02646     3.58579
          12     1.04952     4.61845
          12     1.07259     4.94288
          12     1.09566     4.53805
          12     1.11872      3.7039
          12     1.14179     2.67403
          12     1.16485     1.82177
          12     1.18792     1.13537
          12     1.21099     0.64981
          12     1.23405    0.341285
          12     1.25712    0.172743
          12     1.28019    0.080408
          12     1.30325   0.0445552
          12     1.32632   0.0402292
          12     1.34939   0.0565043
          12     1.37245    0.103183
          12     1.39552    0.178815
          12     1.41859    0.294146
          12     1.44165     0.45682
          12     1.46472    0.628564
          12     1.48778    0.800555
          12     1.51085    0.923346
          12     1.53392    0.981636
          12     1.55698    0.929539
          12     1.58005    0.816442
          12     1.60312    0.640235
          12     1.62618    0.465743
          12     1.64925    0.310568
          12     1.67232    0.213882
          12     1.69538    0.183845
          12     1.71845    0.245024
          12     1.74152    0.422376
          12     1.76458    0.739771
          12     1.78765     1.18766
          12     1.81071     1.72782
          12     1.83378     2.24985
          12     1.85685     2.60964
          12     1.87991      2.7383
          12     1.90298      2.5793
          12     1.92605     2.19346
          12     1.94911     1.69154
          12     1.97218     1.20313
          12     1.99525    0.794378
          12     2.01831    0.524752
          12     2.04138    0.419596
          12     2.06445    0.447203
          12     2.08751      0.5706
          12     2.11058    0.750769
          12     2.13364    0.925238
          12     2.15671     1.02738
          12     2.17978       1.039
          12     2.20284    0.933557
          12     2.22591    0.783397
          12     2.24898    0.653305
          12     2.27204     0.56597
          12     2.29511    0.561244
          13   0.0115332           0
          13   0.0345996           0
          13   0.0576661           0
          13   0.0807325           0
          13    0.103799           0
          13    0.126865           0
          13    0.149932           0
          13    0.172998           0
          13    0.196065           0
          13    0.219131           0
          13    0.242198           0
          13    0.265264           0
          13     0.28833           0
          13    0.311397           0
          13    0.334463           0
          13     0.35753           0
          13    0.380596           0
          13    0.403663           0
          13    0.426729           0
          13    0.449795           0
          13    0.472862           0
          13    0.495928           0
          13    0.518995           0
          13    0.542061           0
          13    0.565128           0
          13    0.588194           0
          13     0.61126           0
          13    0.634327           0
          13    0.657393           0
          13     0.68046           0
          13    0.703526           0
          13    0.726593           0
          13    0.749659           0
          13    0.772725           0
          13    0.795792           0
          13    0.818858           0
          13    0.841925           0
          13    0.864991           0
          13    0.888058           0
          13    0.911124  0.00367286
          13     0.93419   0.0502099
          13    0.957257    0.308909
          13    0.980323     1.04199
          13     1.00339     2.26556
          13     1.02646     3.63322
          13     1.04952     4.62552
          13     1.07259      4.8296
          13     1.09566     4.46076
          13     1.11872     3.61835
          13     1.14179     2.66893
          13     1.16485     1.81695
          13     1.18792     1.13163
          13     1.21099    0.666048
          13     1.23405    0.374273
          13     1.25712    0.194904
          13     1.28019   0.0984281
          13     1.30325   0.0585065
          13     1.32632    0.049424
          13     1.34939   0.0658818
          13     1.37245    0.113882
          13     1.39552    0.190237
          13     1.41859    0.298229
          13     1.44165    0.457798
          13     1.46472    0.631799
          13     1.48778    0.793418
          13     1.51085    0.917113
          13     1.53392    0.952262
          13     1.55698    0.914266
          13     1.58005    0.794935
          13     1.60312    0.630857
          13     1.62618    0.468323
          13     1.64925    0.321586
          13     1.67232    0.231098
          13     1.69538     0.20788
          13     1.71845    0.267455
          13     1.74152    0.450928
          13     1.76458    0.766257
          13     1.78765      1.2052
          13     1.81071     1.73152
          13     1.83378     2.22298
          13     1.85685      2.5693
          13     1.87991     2.68548
          13     1.90298     2.54021
          13     1.92605     2.16066
          13     1.94911     1.67976
          13     1.97218     1.20518
          13     1.99525    0.821237
          13     2.01831    0.559598
          13     2.04138    0.450578
          13     2.06445    0.480215
          13     2.08751    0.594343
          13     2.11058    0.761167
          13     2.13364    0.908845
          13     2.15671     0.99907
          13     2.17978     1.00887
          13     2.20284    0.910547
          13     2.22591    0.774248
          13     2.24898    0.668508
          13     2.27204    0.586964
          13     2.29511    0.593969
          14   0.0115332           0
          14   0.0345996           0
          14   0.0576661           0
          14   0.0807325           0
          14    0.103799           0
          14    0.126865           0
          14    0.149932           0
          14    0.172998           0
          14    0.196065           0
          14    0.219131           0
          14    0.242198           0
          14    0.265264           0
          14     0.28833           0
          14    0.311397           0
          14    0.334463           0
          14     0.35753           0
          14    0.380596           0
          14    0.403663           0
          14    0.426729           0
          14    0.449795           0
          14    0.472862           0
          14    0.495928           0
          14    0.518995           0
          14    0.542061           0
          14    0.565128           0
          14    0.588194           0
          14     0.61126           0
          14    0.634327           0
          14    0.657393           0
          14     0.68046           0
          14    0.703526           0
          14    0.726593           0
          14    0.749659           0
          14    0.772725           0
          14    0.795792           0
          14    0.818858           0
          14    0.841925           0
          14    0.864991           0
          14    0.888058 0.000184101
          14    0.911124  0.00423254
          14     0.93419   0.0477144
          14    0.957257     0.29167
          14    0.980323     1.01069
          14     1.00339     2.24194
          14     1.02646     3.63027
          14     1.04952     4.61946
          14     1.07259     4.89985
          14     1.09566     4.48447
          14     1.11872     3.64167
          14     1.14179     2.71884
          14     1.16485     1.80938
          14     1.18792     1.12772
          14     1.21099    0.657711
          14     1.23405    0.345785
          14     1.25712    0.175261
          14     1.28019   0.0891966
          14     1.30325   0.0496331
          14     1.32632   0.0419295
          14     1.34939   0.0574771
          14     1.37245    0.105866
          14     1.39552     0.18387
          14     1.41859    0.298157
          14     1.44165    0.449847
          14     1.46472      0.6292
          14     1.48778    0.795491
          14     1.51085    0.930165
          14     1.53392     0.98556
          14     1.55698    0.926209
          14     1.58005    0.811335
          14     1.60312    0.639987
          14     1.62618    0.466874
          14     1.64925     0.31597
          14     1.67232    0.217247
          14     1.69538    0.190806
          14     1.71845    0.252232
          14     1.74152     0.42858
          14     1.76458     0.74753
          14     1.78765     1.19984
          14     1.81071     1.71879
          14     1.83378     2.24482
          14     1.85685     2.60503
          14     1.87991     2.71982
          14     1.90298      2.5569
          14     1.92605     2.18067
          14     1.94911     1.68648
          14     1.97218     1.19604
          14     1.99525    0.797136
          14     2.01831    0.542745
          14     2.04138    0.430572
          14     2.06445    0.463698
          14     2.08751    0.590152
          14     2.11058    0.752386
          14     2.13364    0.916997
          14     2.15671     1.01123
          14     2.17978     1.02669
          14     2.20284    0.926298
          14     2.22591    0.782331
          14     2.24898    0.649108
          14     2.27204    0.569638
          14     2.29511    0.571592
          15   0.0115332           0
          15   0.0345996           0
          15   0.0576661           0
          15   0.0807325           0
          15    0.103799           0
          15    0.126865           0
          15    0.149932           0
          15    0.172998           0
          15    0.196065           0
          15    0.219131           0
          15    0.242198           0
          15    0.265264           0
          15     0.28833           0
          15    0.311397           0
          15    0.334463           0
          15     0.35753           0
          15    0.380596           0
          15    0.403663           0
          15    0.426729           0
          15    0.449795           0
          15    0.472862           0
          15    0.495928           0
          15    0.518995           0
          15    0.542061           0
          15    0.565128           0
          15    0.588194           0
          15     0.61126           0
          15    0.634327           0
          15    0.657393           0
          15     0.68046           0
          15    0.703526           0
          15    0.726593           0
          15    0.749659           0
          15    0.772725           0
          15    0.795792           0
          15    0.818858           0
          15    0.841925           0
          15    0.864991           0
          15    0.888058 3.68203e-05
          15    0.911124  0.00311319
          15     0.93419   0.0456515
          15    0.957257    0.296012
          15    0.980323     1.00634
          15     1.00339     2.24231
          15     1.02646     3.61881
          15     1.04952     4.63061
          15     1.07259     4.86602
          15     1.09566     4.50288
          15     1.11872     3.65376
          15     1.14179     2.70911
          15     1.16485     1.82455
          15     1.18792     1.14134
          15     1.21099    0.647573
          15     1.23405    0.350476
          15     1.25712    0.177098
          15     1.28019   0.0851567
          15     1.30325    0.048556
          15     1.32632   0.0405429
          15     1.34939   0.0585457
          15     1.37245    0.101827
          15     1.39552    0.183348
          15     1.41859    0.301159
          15     1.44165    0.455241
          15     1.46472    0.628605
          15     1.48778    0.797904
          15     1.51085    0.920535
          15     1.53392    0.977069
          15     1.55698    0.930509
          15     1.58005    0.813545
          15     1.60312    0.643422
          15     1.62618    0.460801
          15     1.64925    0.313739
          15     1.67232    0.217558
          15     1.69538    0.187492
          15     1.71845    0.248319
          15     1.74152    0.430878
          15     1.76458    0.741627
          15     1.78765     1.19459
          15     1.81071     1.73264
          15     1.83378     2.24034
          15     1.85685     2.60282
          15     1.87991     2.73292
          15     1.90298     2.55033
          15     1.92605     2.19041
          15     1.94911     1.69569
          15     1.97218     1.20124
          15     1.99525    0.799054
          15     2.01831    0.538105
          15     2.04138    0.427262
          15     2.06445    0.454609
          15     2.08751    0.578217
          15     2.11058     0.75412
          15     2.13364    0.914209
          15     2.15671     1.02155
          15     2.17978     1.03026
          15     2.20284    0.924748
          15     2.22591    0.779324
          15     2.24898    0.655171
          15     2.27204    0.568557
          15     2.29511    0.566002
          16   0.0115332           0
          16   0.0345996           0
          16   0.0576661           0
          16   0.0807325           0
          16    0.103799           0
          16    0.126865           0
          16    0.149932           0
          16    0.172998           0
          16    0.196065           0
          16    0.219131           0
          16    0.242198           0
          16    0.265264           0
          16     0.28833           0
          16    0.311397           0
          16    0.334463           0
          16     0.35753           0
          16    0.380596           0
          16    0.403663           0
          16    0.426729           0
          16    0.449795           0
          16    0.472862           0
          16    0.495928           0
          16    0.518995           0
          16    0.542061           0
          16    0.565128           0
          16    0.588194           0
          16     0.61126           0
          16    0.634327           0
          16    0.657393           0
          16     0.68046           0
          16    0.703526           0
          16    0.726593           0
          16    0.749659           0
          16    0.772725           0
          16    0.795792           0
          16    0.818858           0
          16    0.841925           0
          16    0.864991           0
          16    0.888058           0
          16    0.911124  0.00388274
          16     0.93419    0.047182
          16    0.957257    0.281941
          16    0.980323    0.979175
          16     1.00339     2.20216
          16     1.02646     3.59491
          16     1.04952     4.61711
          16     1.07259     4.95152
          16     1.09566     4.56009
          16     1.11872     3.70167
          16     1.14179     2.71746
          16     1.16485     1.81824
          16     1.18792     1.12358
          16     1.21099    0.630365
          16     1.23405    0.334706
          16     1.25712    0.167635
          16     1.28019   0.0762973
          16     1.30325   0.0419394
          16     1.32632   0.0358052
          16     1.34939   0.0558026
          16     1.37245   0.0989591
          16     1.39552    0.177637
          16     1.41859     0.29683
          16     1.44165    0.447807
          16     1.46472    0.636334
          16     1.48778    0.807888
          16     1.51085    0.940151
          16     1.53392    0.975971
          16     1.55698     0.93808
          16     1.58005    0.817989
          16     1.60312    0.637083
          16     1.62618    0.460055
          16     1.64925    0.311679
          16     1.67232    0.206541
          16     1.69538      0.1775
          16     1.71845    0.239036
          16     1.74152    0.414429
          16     1.76458    0.733317
          16     1.78765     1.18637
          16     1.81071     1.71877
          16     1.83378     2.24834
          16     1.85685      2.6331
          16     1.87991     2.74947
          16     1.90298     2.59857
          16     1.92605     2.21821
          16     1.94911     1.69809
          16     1.97218     1.18355
          16     1.99525    0.780059
          16     2.01831    0.521167
          16     2.04138    0.409109
          16     2.06445    0.443578
          16     2.08751     0.57813
          16     2.11058     0.75047
          16     2.13364    0.919836
          16     2.15671      1.0299
          16     2.17978      1.0422
          16     2.20284    0.930535
          16     2.22591    0.785255
          16     2.24898    0.646272
          16     2.27204    0.555945
          16     2.29511    0.556828
          17   0.0115332           0
          17   0.0345996           0
          17   0.0576661           0
          17   0.0807325           0
          17    0.103799           0
          17    0.126865           0
          17    0.149932           0
          17    0.172998           0
          17    0.196065           0
          17    0.219131           0
          17    0.242198           0
          17    0.265264           0
          17     0.28833           0
          17    0.311397           0
          17    0.334463           0
          17     0.35753           0
          17    0.380596           0
          17    0.403663           0
          17    0.426729           0
          17    0.449795           0
          17    0.472862           0
          17    0.495928           0
          17    0.518995           0
          17    0.542061           0
          17    0.565128           0
          17    0.588194           0
          17     0.61126           0
          17    0.634327           0
          17    0.657393           0
          17     0.68046           0
          17    0.703526           0
          17    0.726593           0
          17    0.749659           0
          17    0.772725           0
          17    0.795792           0
          17    0.818858           0
          17    0.841925           0
          17    0.864991           0
          17    0.888058 0.000331382
          17    0.911124  0.00304323
          17     0.93419     0.04645
          17    0.957257    0.296012
          17    0.980323     0.98413
          17     1.00339     2.24638
          17     1.02646     3.60836
          17     1.04952     4.62713
          17     1.07259     4.88445
          17     1.09566     4.51923
          17     1.11872     3.66464
          17     1.14179      2.7255
          17     1.16485     1.82344
          17     1.18792     1.12696
          17     1.21099    0.644444
          17     1.23405    0.337433
          17     1.25712    0.177447
          17     1.28019   0.0876196
          17     1.30325   0.0456495
          17     1.32632     0.04084
          17     1.34939   0.0590879
          17     1.37245    0.106513
          17     1.39552    0.178368
          17     1.41859    0.297234
          17     1.44165    0.446522
          17     1.46472    0.630243
          17     1.48778    0.799033
          17     1.51085    0.926717
          17     1.53392    0.972095
          17     1.55698    0.930126
          17     1.58005    0.823851
          17     1.60312    0.641106
          17     1.62618    0.467071
          17     1.64925    0.318618
          17     1.67232    0.213373
          17     1.69538    0.188411
          17     1.71845    0.251288
          17     1.74152    0.421294
          17     1.76458    0.736348
          17     1.78765     1.19551
          17     1.81071     1.73092
          17     1.83378     2.24156
          17     1.85685     2.61268
          17     1.87991     2.72044
          17     1.90298     2.56529
          17     1.92605      2.1931
          17     1.94911     1.68712
          17     1.97218     1.19976
          17     1.99525    0.797559
          17     2.01831    0.537748
          17     2.04138    0.423952
          17     2.06445    0.452865
          17     2.08751    0.586547
          17     2.11058    0.758038
          17     2.13364    0.914649
          17     2.15671     1.01896
          17     2.17978     1.02836
          17     2.20284    0.927154
          17     2.22591    0.775379
          17     2.24898    0.654488
          17     2.27204    0.565649
          17     2.29511    0.563383
          18   0.0115332           0
          18   0.0345996           0
          18   0.0576661           0
          18   0.0807325           0
          18    0.103799           0
          18    0.126865           0
          18    0.149932           0
          18    0.172998           0
          18    0.196065           0
          18    0.219131           0
          18    0.242198           0
          18    0.265264           0
          18     0.28833           0
          18    0.311397           0
          18    0.334463           0
          18     0.35753           0
          18    0.380596           0
          18    0.403663           0
          18    0.426729           0
          18    0.449795           0
          18    0.472862           0
          18    0.495928           0
          18    0.518995           0
          18    0.542061           0
          18    0.565128           0
          18    0.588194           0
          18     0.61126           0
          18    0.634327           0
          18    0.657393           0
          18     0.68046           0
          18    0.703526           0
          18    0.726593           0
          18    0.749659           0
          18    0.772725           0
          18    0.795792           0
          18    0.818858           0
          18    0.841925           0
          18    0.864991           0
          18    0.888058 7.36405e-05
          18    0.911124   0.0039527
          18     0.93419   0.0473817
          18    0.957257    0.288501
          18    0.980323     1.00495
          18     1.00339      2.2413
          18     1.02646     3.62283
          18     1.04952     4.61898
          18     1.07259     4.87036
          18     1.09566     4.50566
          18     1.11872     3.67678
          18     1.14179     2.70626
          18     1.16485     1.81201
          18     1.18792     1.13375
          18     1.21099    0.652721
          18     1.23405    0.350991
          18     1.25712    0.178201
          18     1.28019   0.0845011
          18     1.30325   0.0499921
          18     1.32632   0.0429365
          18     1.34939   0.0594707
          18     1.37245    0.103908
          18     1.39552    0.181916
          18     1.41859    0.298345
          18     1.44165    0.459488
          18     1.46472    0.634804
          18     1.48778    0.793483
          18     1.51085    0.919402
          18     1.53392    0.967159
          18     1.55698    0.931048
          18     1.58005    0.813615
          18     1.60312    0.640168
          18     1.62618    0.461405
          18     1.64925    0.315714
          18     1.67232    0.219012
          18     1.69538    0.190553
          18     1.71845    0.255714
          18     1.74152    0.430026
          18     1.76458    0.745572
          18     1.78765     1.19369
          18     1.81071     1.73366
          18     1.83378     2.23071
          18     1.85685     2.60717
          18     1.87991     2.72359
          18     1.90298     2.55117
          18     1.92605     2.18398
          18     1.94911      1.6946
          18     1.97218     1.20101
          18     1.99525    0.794291
          18     2.01831    0.537463
          18     2.04138    0.431359
          18     2.06445    0.454595
          18     2.08751    0.589559
          18     2.11058    0.756585
          18     2.13364    0.918018
          18     2.15671     1.01814
          18     2.17978     1.02351
          18     2.20284    0.931116
          18     2.22591    0.784083
          18     2.24898    0.657703
          18     2.27204    0.569289
          18     2.29511    0.572965
          19   0.0115332           0
          19   0.0345996           0
          19   0.0576661           0
          19   0.0807325           0
          19    0.103799           0
          19    0.126865           0
          19    0.149932           0
          19    0.172998           0
          19    0.196065           0
          19    0.219131           0
          19    0.242198           0
          19    0.265264           0
          19     0.28833           0
          19    0.311397           0
          19    0.334463           0
          19     0.35753           0
          19    0.380596           0
          19    0.403663           0
          19    0.426729           0
          19    0.449795           0
          19    0.472862           0
          19    0.495928           0
          19    0.518995           0
          19    0.542061           0
          19    0.565128           0
          19    0.588194           0
          19     0.61126           0
          19    0.634327           0
          19    0.657393           0
          19     0.68046           0
          19    0.703526           0
          19    0.726593           0
          19    0.749659           0
          19    0.772725           0
          19    0.795792           0
          19    0.818858           0
          19    0.841925           0
          19    0.864991           0
          19    0.888058           0
          19    0.911124  0.00304323
          19     0.93419   0.0491119
          19    0.957257    0.304219
          19    0.980323    0.997606
          19     1.00339       2.255
          19     1.02646     3.64014
          19     1.04952     4.63488
          19     1.07259     4.88003
          19     1.09566     4.46737
          19     1.11872     3.65508
          19     1.14179     2.67741
          19     1.16485     1.79273
          19     1.18792     1.13953
          19     1.21099    0.656186
          19     1.23405    0.355433
          19     1.25712    0.188583
          19     1.28019   0.0958234
          19     1.30325   0.0518899
          19     1.32632    0.045066
          19     1.34939     0.06644
          19     1.37245    0.111554
          19     1.39552    0.191937
          19     1.41859    0.303121
          19     1.44165    0.452237
          19     1.46472     0.62357
          19     1.48778    0.795084
          19     1.51085     0.91495
          19     1.53392    0.966258
          19     1.55698     0.91768
          19     1.58005    0.809253
          19     1.60312    0.635998
          19     1.62618    0.467357
          19     1.64925    0.322184
          19     1.67232    0.222085
          19     1.69538    0.198545
          19     1.71845    0.267553
          19     1.74152    0.441784
          19     1.76458    0.761585
          19     1.78765     1.20921
          19     1.81071     1.72284
          19     1.83378     2.23437
          19     1.85685     2.56952
          19     1.87991     2.69988
          19     1.90298     2.53197
          19     1.92605     2.16854
          19     1.94911     1.68805
          19     1.97218     1.21299
          19     1.99525    0.804839
          19     2.01831    0.554636
          19     2.04138    0.446119
          19     2.06445    0.473401
          19     2.08751    0.598475
          19     2.11058    0.764759
          19     2.13364    0.910975
          19     2.15671      1.0005
          19     2.17978     1.01449
          19     2.20284    0.909452
          19     2.22591    0.782477
          19     2.24898    0.656417
          19     2.27204    0.573384
          19     2.29511    0.588384
          20   0.0115332           0
          20   0.0345996           0
          20   0.0576661           0
          20   0.0807325           0
          20    0.103799           0
          20    0.126865           0
          20    0.149932           0
          20    0.172998           0
          20    0.196065           0
          20    0.219131           0
          20    0.242198           0
          20    0.265264           0
          20     0.28833           0
          20    0.311397           0
          20    0.334463           0
          20     0.35753           0
          20    0.380596           0
          20    0.403663           0
          20    0.426729           0
          20    0.449795           0
          20    0.472862           0
          20    0.495928           0
          20    0.518995           0
          20    0.542061           0
          20    0.565128           0
          20    0.588194           0
          20     0.61126           0
          20    0.634327           0
          20    0.657393           0
          20     0.68046           0
          20    0.703526           0
          20    0.726593           0
          20    0.749659           0
          20    0.772725           0
          20    0.795792           0
          20    0.818858           0
          20    0.841925           0
          20    0.864991           0
          20    0.888058 0.000147281
          20    0.911124  0.00307821
          20     0.93419   0.0481137
          20    0.957257    0.285681
          20    0.980323      1.0051
          20     1.00339     2.23086
          20     1.02646     3.61983
          20     1.04952     4.65275
          20     1.07259     4.89954
          20     1.09566     4.48241
          20     1.11872     3.66515
          20     1.14179     2.69733
          20     1.16485     1.82767
          20     1.18792     1.11576
          20     1.21099    0.648602
          20     1.23405    0.351219
          20     1.25712    0.177539
          20     1.28019   0.0864324
          20     1.30325   0.0523516
          20     1.32632   0.0416489
          20     1.34939   0.0599172
          20     1.37245    0.103075
          20     1.39552    0.183273
          20     1.41859    0.299817
          20     1.44165    0.453592
          20     1.46472    0.627644
          20     1.48778    0.795635
          20     1.51085    0.928066
          20     1.53392    0.967196
          20     1.55698    0.929455
          20     1.58005    0.816988
          20     1.60312    0.643196
          20     1.62618    0.470245
          20     1.64925    0.311422
          20     1.67232    0.217454
          20     1.69538    0.189088
          20     1.71845    0.253058
          20     1.74152    0.428015
          20     1.76458     0.75017
          20     1.78765     1.19743
          20     1.81071     1.72019
          20     1.83378     2.23694
          20     1.85685      2.5978
          20     1.87991     2.72071
          20     1.90298     2.57131
          20     1.92605     2.18171
          20     1.94911      1.6936
          20     1.97218     1.20087
          20     1.99525    0.791716
          20     2.01831    0.542168
          20     2.04138     0.43669
          20     2.06445    0.461607
          20     2.08751    0.583181
          20     2.11058    0.759153
          20     2.13364    0.914146
          20     2.15671     1.01972
          20     2.17978     1.01957
          20     2.20284    0.918195
          20     2.22591    0.776505
          20     2.24898    0.649539
          20     2.27204    0.572861
          20     2.29511    0.568841
