0 	 0.005000 	 0 	 0.030000 	  0 	 -49.500000 	 0 
1 	 0.015000 	 0 	 0.090000 	  0 	 -48.500000 	 1 
2 	 0.025000 	 0 	 0.150000 	  0 	 -47.500000 	 1 
3 	 0.035000 	 0 	 0.210000 	  3 	 -46.500000 	 1 
4 	 0.045000 	 0 	 0.270000 	  7 	 -45.500000 	 0 
5 	 0.055000 	 0 	 0.330000 	  21 	 -44.500000 	 1 
6 	 0.065000 	 0 	 0.390000 	  56 	 -43.500000 	 1 
7 	 0.075000 	 0 	 0.450000 	  139 	 -42.500000 	 6 
8 	 0.085000 	 0 	 0.510000 	  245 	 -41.500000 	 0 
9 	 0.095000 	 0 	 0.570000 	  325 	 -40.500000 	 1 
10 	 0.105000 	 0 	 0.630000 	  461 	 -39.500000 	 0 
11 	 0.115000 	 0 	 0.690000 	  575 	 -38.500000 	 5 
12 	 0.125000 	 0 	 0.750000 	  659 	 -37.500000 	 2 
13 	 0.135000 	 0 	 0.810000 	  754 	 -36.500000 	 0 
14 	 0.145000 	 0 	 0.870000 	  771 	 -35.500000 	 3 
15 	 0.155000 	 0 	 0.930000 	  785 	 -34.500000 	 1 
16 	 0.165000 	 1 	 0.990000 	  774 	 -33.500000 	 3 
17 	 0.175000 	 0 	 1.050000 	  713 	 -32.500000 	 2 
18 	 0.185000 	 0 	 1.110000 	  652 	 -31.500000 	 2 
19 	 0.195000 	 2 	 1.170000 	  595 	 -30.500000 	 6 
20 	 0.205000 	 5 	 1.230000 	  488 	 -29.500000 	 4 
21 	 0.215000 	 6 	 1.290000 	  419 	 -28.500000 	 4 
22 	 0.225000 	 6 	 1.350000 	  348 	 -27.500000 	 4 
23 	 0.235000 	 5 	 1.410000 	  271 	 -26.500000 	 6 
24 	 0.245000 	 5 	 1.470000 	  248 	 -25.500000 	 7 
25 	 0.255000 	 15 	 1.530000 	  168 	 -24.500000 	 10 
26 	 0.265000 	 18 	 1.590000 	  130 	 -23.500000 	 5 
27 	 0.275000 	 6 	 1.650000 	  97 	 -22.500000 	 4 
28 	 0.285000 	 30 	 1.710000 	  85 	 -21.500000 	 5 
29 	 0.295000 	 34 	 1.770000 	  65 	 -20.500000 	 7 
30 	 0.305000 	 35 	 1.830000 	  46 	 -19.500000 	 9 
31 	 0.315000 	 56 	 1.890000 	  28 	 -18.500000 	 10 
32 	 0.325000 	 78 	 1.950000 	  10 	 -17.500000 	 9 
33 	 0.335000 	 98 	 2.010000 	  19 	 -16.500000 	 11 
34 	 0.345000 	 105 	 2.070000 	  11 	 -15.500000 	 12 
35 	 0.355000 	 154 	 2.130000 	  10 	 -14.500000 	 19 
36 	 0.365000 	 142 	 2.190000 	  9 	 -13.500000 	 16 
37 	 0.375000 	 167 	 2.250000 	  3 	 -12.500000 	 15 
38 	 0.385000 	 196 	 2.310000 	  4 	 -11.500000 	 15 
39 	 0.395000 	 210 	 2.370000 	  0 	 -10.500000 	 27 
40 	 0.405000 	 266 	 2.430000 	  2 	 -9.500000 	 37 
41 	 0.415000 	 283 	 2.490000 	  1 	 -8.500000 	 46 
42 	 0.425000 	 316 	 2.550000 	  0 	 -7.500000 	 52 
43 	 0.435000 	 342 	 2.610000 	  0 	 -6.500000 	 68 
44 	 0.445000 	 378 	 2.670000 	  1 	 -5.500000 	 96 
45 	 0.455000 	 404 	 2.730000 	  0 	 -4.500000 	 154 
46 	 0.465000 	 376 	 2.790000 	  1 	 -3.500000 	 231 
47 	 0.475000 	 407 	 2.850000 	  1 	 -2.500000 	 469 
48 	 0.485000 	 401 	 2.910000 	  0 	 -1.500000 	 972 
49 	 0.495000 	 424 	 2.970000 	  0 	 -0.500000 	 2489 
50 	 0.505000 	 444 	 3.030000 	  0 	 0.500000 	 2564 
51 	 0.515000 	 444 	 3.090000 	  0 	 1.500000 	 1046 
52 	 0.525000 	 397 	 3.150000 	  0 	 2.500000 	 446 
53 	 0.535000 	 393 	 3.210000 	  0 	 3.500000 	 232 
54 	 0.545000 	 412 	 3.270000 	  0 	 4.500000 	 170 
55 	 0.555000 	 368 	 3.330000 	  0 	 5.500000 	 97 
56 	 0.565000 	 327 	 3.390000 	  0 	 6.500000 	 73 
57 	 0.575000 	 327 	 3.450000 	  0 	 7.500000 	 68 
58 	 0.585000 	 292 	 3.510000 	  0 	 8.500000 	 47 
59 	 0.595000 	 258 	 3.570000 	  0 	 9.500000 	 36 
60 	 0.605000 	 235 	 3.630000 	  0 	 10.500000 	 31 
61 	 0.615000 	 198 	 3.690000 	  0 	 11.500000 	 25 
62 	 0.625000 	 178 	 3.750000 	  0 	 12.500000 	 19 
63 	 0.635000 	 131 	 3.810000 	  0 	 13.500000 	 16 
64 	 0.645000 	 109 	 3.870000 	  0 	 14.500000 	 15 
65 	 0.655000 	 104 	 3.930000 	  0 	 15.500000 	 10 
66 	 0.665000 	 98 	 3.990000 	  0 	 16.500000 	 9 
67 	 0.675000 	 71 	 4.050000 	  0 	 17.500000 	 13 
68 	 0.685000 	 56 	 4.110000 	  0 	 18.500000 	 10 
69 	 0.695000 	 52 	 4.170000 	  0 	 19.500000 	 14 
70 	 0.705000 	 38 	 4.230000 	  0 	 20.500000 	 4 
71 	 0.715000 	 26 	 4.290000 	  0 	 21.500000 	 7 
72 	 0.725000 	 23 	 4.350000 	  0 	 22.500000 	 2 
73 	 0.735000 	 8 	 4.410000 	  0 	 23.500000 	 5 
74 	 0.745000 	 13 	 4.470000 	  0 	 24.500000 	 3 
75 	 0.755000 	 8 	 4.530000 	  0 	 25.500000 	 3 
76 	 0.765000 	 6 	 4.590000 	  0 	 26.500000 	 4 
77 	 0.775000 	 5 	 4.650000 	  0 	 27.500000 	 2 
78 	 0.785000 	 3 	 4.710000 	  0 	 28.500000 	 3 
79 	 0.795000 	 1 	 4.770000 	  0 	 29.500000 	 4 
80 	 0.805000 	 2 	 4.830000 	  0 	 30.500000 	 2 
81 	 0.815000 	 1 	 4.890000 	  0 	 31.500000 	 2 
82 	 0.825000 	 0 	 4.950000 	  0 	 32.500000 	 0 
83 	 0.835000 	 0 	 5.010000 	  0 	 33.500000 	 3 
84 	 0.845000 	 1 	 5.070000 	  0 	 34.500000 	 2 
85 	 0.855000 	 0 	 5.130000 	  0 	 35.500000 	 5 
86 	 0.865000 	 0 	 5.190000 	  0 	 36.500000 	 3 
87 	 0.875000 	 0 	 5.250000 	  0 	 37.500000 	 4 
88 	 0.885000 	 0 	 5.310000 	  0 	 38.500000 	 2 
89 	 0.895000 	 0 	 5.370000 	  0 	 39.500000 	 4 
90 	 0.905000 	 0 	 5.430000 	  0 	 40.500000 	 5 
91 	 0.915000 	 0 	 5.490000 	  0 	 41.500000 	 1 
92 	 0.925000 	 0 	 5.550000 	  0 	 42.500000 	 0 
93 	 0.935000 	 0 	 5.610000 	  0 	 43.500000 	 3 
94 	 0.945000 	 0 	 5.670000 	  0 	 44.500000 	 1 
95 	 0.955000 	 0 	 5.730000 	  0 	 45.500000 	 3 
96 	 0.965000 	 0 	 5.790000 	  0 	 46.500000 	 2 
97 	 0.975000 	 0 	 5.850000 	  0 	 47.500000 	 3 
98 	 0.985000 	 0 	 5.910000 	  0 	 48.500000 	 1 
99 	 0.995000 	 0 	 5.970000 	  0 	 49.500000 	 4 
