           1   0.0115332           0           0           0
           1   0.0345996           0           0           0
           1   0.0576661           0           0           0
           1   0.0807325           0           0           0
           1    0.103799           0           0           0
           1    0.126865           0           0           0
           1    0.149932           0           0           0
           1    0.172998           0           0           0
           1    0.196065           0           0           0
           1    0.219131           0           0           0
           1    0.242198           0           0           0
           1    0.265264           0           0           0
           1     0.28833           0           0           0
           1    0.311397           0           0           0
           1    0.334463           0           0           0
           1     0.35753           0           0           0
           1    0.380596           0           0           0
           1    0.403663           0           0           0
           1    0.426729           0           0           0
           1    0.449795           0           0           0
           1    0.472862           0           0           0
           1    0.495928           0           0           0
           1    0.518995           0           0           0
           1    0.542061           0           0           0
           1    0.565128           0           0           0
           1    0.588194           0           0           0
           1     0.61126           0           0           0
           1    0.634327           0           0           0
           1    0.657393           0           0           0
           1     0.68046           0           0           0
           1    0.703526           0           0           0
           1    0.726593           0           0           0
           1    0.749659           0           0           0
           1    0.772725           0           0           0
           1    0.795792           0           0           0
           1    0.818858           0           0           0
           1    0.841925           0           0           0
           1    0.864991           0           0           0
           1    0.888058 4.41843e-05 4.41843e-05           0
           1    0.911124  0.00362389  0.00362389           0
           1     0.93419   0.0453986   0.0453986           0
           1    0.957257    0.291334    0.291334           0
           1    0.980323     1.00051     1.00051           0
           1     1.00339     2.22783     2.22783           0
           1     1.02646     3.61753     3.61753           0
           1     1.04952     4.61919     4.61919           0
           1     1.07259     4.90993     4.90993           0
           1     1.09566     4.50558     4.50558           0
           1     1.11872     3.66952     3.66952           0
           1     1.14179     2.70461     2.70461           0
           1     1.16485     1.81675     1.81675           0
           1     1.18792     1.13514     1.13514           0
           1     1.21099    0.648285    0.648285           0
           1     1.23405    0.346689    0.346689           0
           1     1.25712    0.174754    0.174754           0
           1     1.28019   0.0861312   0.0861312           0
           1     1.30325   0.0472976   0.0472976           0
           1     1.32632   0.0388723   0.0388723           0
           1     1.34939   0.0586732   0.0586732           0
           1     1.37245    0.103014    0.103014           0
           1     1.39552    0.182823    0.182823           0
           1     1.41859    0.296905    0.296905           0
           1     1.44165    0.451879    0.451879           0
           1     1.46472    0.630329    0.630329           0
           1     1.48778     0.79886     0.79886           0
           1     1.51085    0.930206    0.930206           0
           1     1.53392    0.972819    0.972819           0
           1     1.55698    0.929949    0.929949           0
           1     1.58005    0.810726    0.810726           0
           1     1.60312    0.644335    0.644335           0
           1     1.62618    0.464054    0.464054           0
           1     1.64925    0.316178    0.316178           0
           1     1.67232    0.214333    0.214333           0
           1     1.69538    0.188102    0.188102           0
           1     1.71845    0.252667    0.252667           0
           1     1.74152    0.429262    0.429262           0
           1     1.76458    0.746495    0.746495           0
           1     1.78765     1.19058     1.19058           0
           1     1.81071     1.72892     1.72892           0
           1     1.83378     2.24013     2.24013           0
           1     1.85685     2.60521     2.60521           0
           1     1.87991     2.71947     2.71947           0
           1     1.90298     2.56561     2.56561           0
           1     1.92605     2.18843     2.18843           0
           1     1.94911     1.69607     1.69607           0
           1     1.97218     1.19678     1.19678           0
           1     1.99525    0.795394    0.795394           0
           1     2.01831    0.534775    0.534775           0
           1     2.04138    0.428099    0.428099           0
           1     2.06445    0.454612    0.454612           0
           1     2.08751    0.583388    0.583388           0
           1     2.11058    0.759818    0.759818           0
           1     2.13364    0.917554    0.917554           0
           1     2.15671     1.02083     1.02083           0
           1     2.17978     1.02778     1.02778           0
           1     2.20284    0.924407    0.924407           0
           1     2.22591    0.782321    0.782321           0
           1     2.24898    0.649488    0.649488           0
           1     2.27204    0.565289    0.565289           0
           1     2.29511    0.566937    0.566937           0
           2   0.0115332           0           0           0
           2   0.0345996           0           0           0
           2   0.0576661           0           0           0
           2   0.0807325           0           0           0
           2    0.103799           0           0           0
           2    0.126865           0           0           0
           2    0.149932           0           0           0
           2    0.172998           0           0           0
           2    0.196065           0           0           0
           2    0.219131           0           0           0
           2    0.242198           0           0           0
           2    0.265264           0           0           0
           2     0.28833           0           0           0
           2    0.311397           0           0           0
           2    0.334463           0           0           0
           2     0.35753           0           0           0
           2    0.380596           0           0           0
           2    0.403663           0           0           0
           2    0.426729           0           0           0
           2    0.449795           0           0           0
           2    0.472862           0           0           0
           2    0.495928           0           0           0
           2    0.518995           0           0           0
           2    0.542061           0           0           0
           2    0.565128           0           0           0
           2    0.588194           0           0           0
           2     0.61126           0           0           0
           2    0.634327           0           0           0
           2    0.657393           0           0           0
           2     0.68046           0           0           0
           2    0.703526           0           0           0
           2    0.726593           0           0           0
           2    0.749659           0           0           0
           2    0.772725           0           0           0
           2    0.795792           0           0           0
           2    0.818858           0           0           0
           2    0.841925           0           0           0
           2    0.864991           0           0           0
           2    0.888058 8.83686e-05 6.62765e-05 1.56215e-05
           2    0.911124  0.00354693  0.00358541 2.72078e-05
           2     0.93419   0.0463169   0.0458578 0.000324687
           2    0.957257    0.287608    0.289471  0.00131758
           2    0.980323     1.00524     1.00288  0.00167508
           2     1.00339     2.23202     2.22993  0.00147862
           2     1.02646     3.62374     3.62064  0.00219636
           2     1.04952     4.62216     4.62068  0.00104951
           2     1.07259     4.90058     4.90526  0.00330549
           2     1.09566     4.50135     4.50346  0.00149324
           2     1.11872      3.6662     3.66786  0.00117143
           2     1.14179      2.6999     2.70225  0.00166325
           2     1.16485      1.8215     1.81912  0.00167823
           2     1.18792     1.12591     1.13053  0.00326231
           2     1.21099    0.650408    0.649347   0.0007505
           2     1.23405    0.347757    0.347223 0.000377533
           2     1.25712    0.177477    0.176115 0.000962788
           2     1.28019   0.0874176   0.0867744 0.000454806
           2     1.30325   0.0479165   0.0476071  0.00021882
           2     1.32632   0.0412032   0.0400377 0.000824092
           2     1.34939   0.0602521   0.0594627 0.000558214
           2     1.37245    0.105357    0.104185  0.00082849
           2     1.39552    0.183476     0.18315 0.000230909
           2     1.41859    0.301326    0.299115  0.00156321
           2     1.44165     0.45739    0.454634   0.0019483
           2     1.46472    0.631331     0.63083  0.00035413
           2     1.48778    0.794037    0.796448  0.00170504
           2     1.51085    0.920232    0.925219  0.00352625
           2     1.53392    0.968889    0.970854  0.00138934
           2     1.55698    0.930191     0.93007 8.55507e-05
           2     1.58005    0.811417    0.811071 0.000244278
           2     1.60312    0.643151    0.643743  0.00041867
           2     1.62618    0.463101    0.463577 0.000336994
           2     1.64925    0.314879    0.315528 0.000458989
           2     1.67232    0.218999    0.216666  0.00164982
           2     1.69538    0.191361    0.189732  0.00115231
           2     1.71845    0.253023    0.252845 0.000125857
           2     1.74152    0.428249    0.428755 0.000358157
           2     1.76458    0.746976    0.746736 0.000170141
           2     1.78765     1.19354     1.19206    0.001048
           2     1.81071      1.7263     1.72761 0.000926903
           2     1.83378     2.23599     2.23806  0.00146429
           2     1.85685     2.60333     2.60427 0.000666424
           2     1.87991     2.72335     2.72141  0.00137006
           2     1.90298     2.56734     2.56648 0.000611256
           2     1.92605     2.18392     2.18618  0.00159527
           2     1.94911     1.69014     1.69311   0.0020977
           2     1.97218      1.1973     1.19704 0.000183193
           2     1.99525    0.799912    0.797653  0.00159743
           2     2.01831    0.539278    0.537027  0.00159187
           2     2.04138    0.428754    0.428427 0.000231592
           2     2.06445    0.456672    0.455642 0.000728482
           2     2.08751     0.58706    0.585224  0.00129819
           2     2.11058    0.759162     0.75949 0.000231867
           2     2.13364     0.91832    0.917937 0.000270633
           2     2.15671     1.01584     1.01833  0.00176142
           2     2.17978     1.02484     1.02631  0.00104022
           2     2.20284    0.922796    0.923602 0.000569576
           2     2.22591    0.780401    0.781361 0.000678849
           2     2.24898    0.653101    0.651294  0.00127721
           2     2.27204    0.568579    0.566934   0.0011631
           2     2.29511    0.571642    0.569289  0.00166338
           3   0.0115332           0           0           0
           3   0.0345996           0           0           0
           3   0.0576661           0           0           0
           3   0.0807325           0           0           0
           3    0.103799           0           0           0
           3    0.126865           0           0           0
           3    0.149932           0           0           0
           3    0.172998           0           0           0
           3    0.196065           0           0           0
           3    0.219131           0           0           0
           3    0.242198           0           0           0
           3    0.265264           0           0           0
           3     0.28833           0           0           0
           3    0.311397           0           0           0
           3    0.334463           0           0           0
           3     0.35753           0           0           0
           3    0.380596           0           0           0
           3    0.403663           0           0           0
           3    0.426729           0           0           0
           3    0.449795           0           0           0
           3    0.472862           0           0           0
           3    0.495928           0           0           0
           3    0.518995           0           0           0
           3    0.542061           0           0           0
           3    0.565128           0           0           0
           3    0.588194           0           0           0
           3     0.61126           0           0           0
           3    0.634327           0           0           0
           3    0.657393           0           0           0
           3     0.68046           0           0           0
           3    0.703526           0           0           0
           3    0.726593           0           0           0
           3    0.749659           0           0           0
           3    0.772725           0           0           0
           3    0.795792           0           0           0
           3    0.818858           0           0           0
           3    0.841925           0           0           0
           3    0.864991           0           0           0
           3    0.888058 0.000110461 8.10046e-05 1.59082e-05
           3    0.911124  0.00367986  0.00361689 3.14601e-05
           3     0.93419   0.0468693   0.0461949 0.000350206
           3    0.957257    0.289135    0.289359 0.000883133
           3    0.980323     1.00602     1.00393  0.00140761
           3     1.00339     2.23597     2.23194  0.00191872
           3     1.02646       3.628     3.62309  0.00248279
           3     1.04952     4.62363     4.62166  0.00106497
           3     1.07259      4.9028     4.90444  0.00230301
           3     1.09566     4.48935     4.49876  0.00396714
           3     1.11872     3.65965     3.66512  0.00236677
           3     1.14179      2.6993     2.70127  0.00136956
           3     1.16485     1.81062     1.81629  0.00257145
           3     1.18792     1.12805      1.1297  0.00227701
           3     1.21099    0.654578    0.651091  0.00150921
           3     1.23405     0.35297    0.349138  0.00158431
           3     1.25712    0.182409    0.178213  0.00182917
           3     1.28019    0.087772   0.0871069 0.000406998
           3     1.30325   0.0485936   0.0479359 0.000305565
           3     1.32632   0.0416687   0.0405814  0.00070631
           3     1.34939   0.0580768   0.0590007 0.000529872
           3     1.37245    0.105363    0.104578 0.000638612
           3     1.39552    0.182438    0.182912 0.000247328
           3     1.41859    0.300668    0.299633  0.00112456
           3     1.44165    0.456057    0.455108  0.00135533
           3     1.46472    0.631664    0.631108 0.000327466
           3     1.48778    0.797317    0.796738  0.00116101
           3     1.51085    0.923384    0.924607  0.00240326
           3     1.53392    0.969543    0.970417 0.000992549
           3     1.55698    0.928241     0.92946 0.000501096
           3     1.58005    0.809421    0.810521 0.000477828
           3     1.60312    0.639232    0.642239  0.00125899
           3     1.62618    0.466331    0.464495 0.000782507
           3     1.64925    0.312827    0.314628 0.000796276
           3     1.67232    0.220038     0.21779   0.0014324
           3     1.69538    0.190131    0.189865 0.000775849
           3     1.71845    0.254079    0.253256 0.000346206
           3     1.74152    0.433653    0.430388  0.00135416
           3     1.76458    0.746419     0.74663 0.000142526
           3     1.78765     1.19442     1.19285 0.000948032
           3     1.81071     1.72565     1.72696 0.000815875
           3     1.83378     2.23656     2.23756  0.00105785
           3     1.85685     2.60226      2.6036 0.000705538
           3     1.87991      2.7213     2.72137 0.000913882
           3     1.90298     2.55941     2.56412  0.00196719
           3     1.92605     2.18623     2.18619  0.00106363
           3     1.94911     1.68931     1.69184  0.00173882
           3     1.97218     1.19946     1.19785 0.000668608
           3     1.99525    0.800264    0.798523  0.00128023
           3     2.01831    0.539647      0.5379  0.00127864
           3     2.04138    0.433146        0.43  0.00129362
           3     2.06445    0.460206    0.457163  0.00133368
           3     2.08751    0.586175    0.585541 0.000903329
           3     2.11058    0.755159    0.758047  0.00118874
           3     2.13364    0.918837    0.918237 0.000304097
           3     2.15671     1.01591     1.01752  0.00134769
           3     2.17978     1.02351     1.02538   0.0010318
           3     2.20284    0.915949    0.921051  0.00211718
           3     2.22591    0.781319    0.781347 0.000452712
           3     2.24898     0.65473     0.65244  0.00126466
           3     2.27204    0.572114    0.568661  0.00160896
           3     2.29511    0.572379    0.570319  0.00139175
           4   0.0115332           0           0           0
           4   0.0345996           0           0           0
           4   0.0576661           0           0           0
           4   0.0807325           0           0           0
           4    0.103799           0           0           0
           4    0.126865           0           0           0
           4    0.149932           0           0           0
           4    0.172998           0           0           0
           4    0.196065           0           0           0
           4    0.219131           0           0           0
           4    0.242198           0           0           0
           4    0.265264           0           0           0
           4     0.28833           0           0           0
           4    0.311397           0           0           0
           4    0.334463           0           0           0
           4     0.35753           0           0           0
           4    0.380596           0           0           0
           4    0.403663           0           0           0
           4    0.426729           0           0           0
           4    0.449795           0           0           0
           4    0.472862           0           0           0
           4    0.495928           0           0           0
           4    0.518995           0           0           0
           4    0.542061           0           0           0
           4    0.565128           0           0           0
           4    0.588194           0           0           0
           4     0.61126           0           0           0
           4    0.634327           0           0           0
           4    0.657393           0           0           0
           4     0.68046           0           0           0
           4    0.703526           0           0           0
           4    0.726593           0           0           0
           4    0.749659           0           0           0
           4    0.772725           0           0           0
           4    0.795792           0           0           0
           4    0.818858           0           0           0
           4    0.841925           0           0           0
           4    0.864991           0           0           0
           4    0.888058 7.36405e-05 7.91635e-05 1.20372e-05
           4    0.911124  0.00337903  0.00355743 5.66465e-05
           4     0.93419   0.0478076   0.0465981 0.000436915
           4    0.957257    0.291385    0.289865 0.000794429
           4    0.980323     1.01304      1.0062  0.00223811
           4     1.00339     2.24276     2.23465  0.00274961
           4     1.02646     3.63062     3.62497  0.00247409
           4     1.04952      4.6243     4.62232 0.000982373
           4     1.07259     4.88881     4.90053  0.00379887
           4     1.09566     4.47666     4.49323  0.00563556
           4     1.11872     3.65962     3.66375  0.00213811
           4     1.14179     2.69431     2.69953  0.00182421
           4     1.16485     1.80935     1.81455  0.00244515
           4     1.18792     1.13551     1.13115  0.00212048
           4     1.21099    0.654182    0.651864  0.00131502
           4     1.23405    0.351974    0.349847  0.00133751
           4     1.25712    0.181306    0.178986   0.0015266
           4     1.28019   0.0911633    0.088121 0.000929778
           4     1.30325   0.0498041    0.048403  0.00046488
           4     1.32632   0.0430619   0.0412015 0.000754351
           4     1.34939   0.0618118   0.0597035 0.000726881
           4     1.37245    0.106153    0.104972  0.00058789
           4     1.39552    0.186434    0.183793 0.000784777
           4     1.41859    0.302397    0.300324  0.00103413
           4     1.44165     0.45412    0.454861  0.00103877
           4     1.46472     0.63066    0.630996 0.000264097
           4     1.48778    0.797996    0.797052 0.000912397
           4     1.51085     0.91596    0.922445  0.00259883
           4     1.53392    0.966115    0.969341   0.0011924
           4     1.55698    0.924326    0.928176  0.00117339
           4     1.58005    0.807343    0.809727  0.00077575
           4     1.60312     0.64003    0.641687   0.0010585
           4     1.62618    0.472042    0.466382  0.00173602
           4     1.64925     0.31748    0.315341 0.000859022
           4     1.67232    0.221969    0.218835  0.00140456
           4     1.69538    0.192978    0.190643 0.000890432
           4     1.71845     0.25593    0.253925 0.000634388
           4     1.74152     0.43548    0.431661  0.00149894
           4     1.76458    0.756683    0.749143  0.00217916
           4     1.78765     1.20067      1.1948  0.00183663
           4     1.81071     1.72781     1.72717 0.000638924
           4     1.83378     2.23184     2.23613  0.00147112
           4     1.85685     2.58947     2.60007  0.00310561
           4     1.87991     2.70679     2.71773  0.00323038
           4     1.90298     2.55059     2.56074  0.00327994
           4     1.92605     2.18031     2.18472  0.00150396
           4     1.94911     1.68764     1.69079  0.00159067
           4     1.97218      1.2028     1.19909  0.00118421
           4     1.99525    0.807889    0.800865  0.00224366
           4     2.01831    0.545104    0.539701  0.00183082
           4     2.04138    0.439412    0.432353  0.00225697
           4     2.06445    0.463748    0.458809  0.00174146
           4     2.08751    0.586471    0.585773 0.000706775
           4     2.11058    0.758268    0.758102  0.00089284
           4     2.13364    0.917723    0.918108 0.000253788
           4     2.15671     1.01441     1.01675  0.00121475
           4     2.17978     1.01586       1.023  0.00220081
           4     2.20284    0.916376    0.919882    0.001883
           4     2.22591    0.777276    0.780329 0.000944549
           4     2.24898    0.654765    0.653021  0.00107378
           4     2.27204    0.576343    0.570581  0.00205494
           4     2.29511    0.577159    0.572029  0.00181175
           5   0.0115332           0           0           0
           5   0.0345996           0           0           0
           5   0.0576661           0           0           0
           5   0.0807325           0           0           0
           5    0.103799           0           0           0
           5    0.126865           0           0           0
           5    0.149932           0           0           0
           5    0.172998           0           0           0
           5    0.196065           0           0           0
           5    0.219131           0           0           0
           5    0.242198           0           0           0
           5    0.265264           0           0           0
           5     0.28833           0           0           0
           5    0.311397           0           0           0
           5    0.334463           0           0           0
           5     0.35753           0           0           0
           5    0.380596           0           0           0
           5    0.403663           0           0           0
           5    0.426729           0           0           0
           5    0.449795           0           0           0
           5    0.472862           0           0           0
           5    0.495928           0           0           0
           5    0.518995           0           0           0
           5    0.542061           0           0           0
           5    0.565128           0           0           0
           5    0.588194           0           0           0
           5     0.61126           0           0           0
           5    0.634327           0           0           0
           5    0.657393           0           0           0
           5     0.68046           0           0           0
           5    0.703526           0           0           0
           5    0.726593           0           0           0
           5    0.749659           0           0           0
           5    0.772725           0           0           0
           5    0.795792           0           0           0
           5    0.818858           0           0           0
           5    0.841925           0           0           0
           5    0.864991           0           0           0
           5    0.888058 5.15484e-05 7.36405e-05 1.08229e-05
           5    0.911124   0.0027494  0.00339582 0.000151482
           5     0.93419   0.0458711   0.0464527 0.000372943
           5    0.957257     0.29276    0.290444 0.000819803
           5    0.980323    0.997099     1.00438  0.00242054
           5     1.00339     2.23539     2.23479  0.00220365
           5     1.02646     3.61662      3.6233   0.0024799
           5     1.04952     4.62375     4.62261 0.000826347
           5     1.07259     4.91524     4.90347  0.00401962
           5     1.09566       4.495     4.49359  0.00451944
           5     1.11872     3.66843     3.66468  0.00190428
           5     1.14179     2.69972     2.69957  0.00145975
           5     1.16485     1.81762     1.81517  0.00203159
           5     1.18792     1.13359     1.13164  0.00175148
           5     1.21099    0.648947     0.65128   0.0011743
           5     1.23405    0.349785    0.349835  0.00107006
           5     1.25712    0.176323    0.178454  0.00131093
           5     1.28019   0.0857662   0.0876501 0.000854821
           5     1.30325   0.0454169   0.0478058 0.000650873
           5     1.32632   0.0392288    0.040807 0.000699081
           5     1.34939   0.0573208    0.059227 0.000720981
           5     1.37245    0.100914     0.10416 0.000864903
           5     1.39552    0.181222    0.183279 0.000778301
           5     1.41859    0.293629    0.298985  0.00145559
           5     1.44165    0.448266    0.453542  0.00144313
           5     1.46472    0.627931    0.630383 0.000587604
           5     1.48778    0.801594    0.797961  0.00109211
           5     1.51085    0.933841    0.924725  0.00291176
           5     1.53392    0.982292    0.971932  0.00250544
           5     1.55698    0.939357    0.930413  0.00220937
           5     1.58005    0.813236    0.810429 0.000882739
           5     1.60312    0.640642    0.641478 0.000867172
           5     1.62618    0.462257    0.465557  0.00157263
           5     1.64925     0.31217    0.314707 0.000891126
           5     1.67232    0.214561     0.21798  0.00135903
           5     1.69538    0.184942    0.189503    0.001244
           5     1.71845    0.246728    0.252485   0.0013839
           5     1.74152    0.426269    0.430583  0.00153895
           5     1.76458     0.74122    0.747559  0.00224677
           5     1.78765     1.19632     1.19511  0.00149427
           5     1.81071     1.72561     1.72686 0.000582332
           5     1.83378     2.25038     2.23898  0.00280811
           5     1.85685      2.6092     2.60189  0.00297351
           5     1.87991     2.72604     2.71939  0.00298195
           5     1.90298     2.56876     2.56234  0.00299111
           5     1.92605     2.18043     2.18386  0.00142765
           5     1.94911     1.69488     1.69161  0.00146813
           5     1.97218     1.19813      1.1989  0.00096263
           5     1.99525     0.79309     0.79931  0.00227067
           5     2.01831    0.533726    0.538506  0.00181318
           5     2.04138    0.428865    0.431655  0.00191037
           5     2.06445     0.45406    0.457859   0.0016318
           5     2.08751     0.58364    0.585347 0.000682167
           5     2.11058    0.756068    0.757695 0.000801576
           5     2.13364     0.91973    0.918433 0.000354014
           5     2.15671     1.02031     1.01746  0.00116208
           5     2.17978     1.02546     1.02349  0.00181469
           5     2.20284    0.922824     0.92047  0.00159567
           5     2.22591    0.782353    0.780734 0.000837866
           5     2.24898    0.649857    0.652388  0.00102873
           5     2.27204    0.563085    0.569082  0.00212149
           5     2.29511     0.56236    0.570095  0.00225666
           6   0.0115332           0           0           0
           6   0.0345996           0           0           0
           6   0.0576661           0           0           0
           6   0.0807325           0           0           0
           6    0.103799           0           0           0
           6    0.126865           0           0           0
           6    0.149932           0           0           0
           6    0.172998           0           0           0
           6    0.196065           0           0           0
           6    0.219131           0           0           0
           6    0.242198           0           0           0
           6    0.265264           0           0           0
           6     0.28833           0           0           0
           6    0.311397           0           0           0
           6    0.334463           0           0           0
           6     0.35753           0           0           0
           6    0.380596           0           0           0
           6    0.403663           0           0           0
           6    0.426729           0           0           0
           6    0.449795           0           0           0
           6    0.472862           0           0           0
           6    0.495928           0           0           0
           6    0.518995           0           0           0
           6    0.542061           0           0           0
           6    0.565128           0           0           0
           6    0.588194           0           0           0
           6     0.61126           0           0           0
           6    0.634327           0           0           0
           6    0.657393           0           0           0
           6     0.68046           0           0           0
           6    0.703526           0           0           0
           6    0.726593           0           0           0
           6    0.749659           0           0           0
           6    0.772725           0           0           0
           6    0.795792           0           0           0
           6    0.818858           0           0           0
           6    0.841925           0           0           0
           6    0.864991           0           0           0
           6    0.888058 4.41843e-05 6.87311e-05 1.00712e-05
           6    0.911124  0.00281936  0.00329975 0.000153713
           6     0.93419   0.0476745   0.0466563 0.000362138
           6    0.957257    0.287684    0.289984 0.000801969
           6    0.980323    0.999099      1.0035  0.00217143
           6     1.00339     2.24596     2.23666  0.00250211
           6     1.02646     3.62144     3.62299  0.00208595
           6     1.04952     4.61939     4.62207 0.000844502
           6     1.07259     4.91285     4.90504  0.00364058
           6     1.09566     4.49401     4.49366  0.00376675
           6     1.11872     3.65865     3.66368  0.00183371
           6     1.14179     2.69723     2.69918  0.00126736
           6     1.16485     1.80949     1.81422  0.00190073
           6     1.18792     1.13151     1.13162   0.0014597
           6     1.21099    0.650091    0.651082 0.000995158
           6     1.23405    0.352886    0.350343   0.0010053
           6     1.25712    0.181001    0.178878  0.00115916
           6     1.28019   0.0877507   0.0876668 0.000712515
           6     1.30325   0.0480773    0.047851 0.000543965
           6     1.32632   0.0419724   0.0410012 0.000608955
           6     1.34939   0.0611867   0.0595536 0.000670732
           6     1.37245    0.105539     0.10439 0.000750663
           6     1.39552    0.183801    0.183366 0.000653438
           6     1.41859    0.297961    0.298814  0.00122295
           6     1.44165    0.451871    0.453264  0.00122921
           6     1.46472    0.630004     0.63032 0.000493044
           6     1.48778    0.797836     0.79794 0.000910284
           6     1.51085    0.924791    0.924736  0.00242648
           6     1.53392     0.96941    0.971511  0.00212283
           6     1.55698    0.929419    0.930247  0.00184733
           6     1.58005    0.810966    0.810518 0.000740138
           6     1.60312    0.639422    0.641135 0.000787443
           6     1.62618    0.466145    0.465655  0.00131357
           6     1.64925    0.317644    0.315196 0.000866732
           6     1.67232    0.219905    0.218301  0.00116977
           6     1.69538    0.189888    0.189567  0.00103832
           6     1.71845    0.253359    0.252631  0.00116089
           6     1.74152    0.432332    0.430874  0.00130978
           6     1.76458    0.747362    0.747526  0.00187255
           6     1.78765     1.19024      1.1943  0.00144843
           6     1.81071     1.72703     1.72689 0.000486004
           6     1.83378     2.23712     2.23867  0.00235721
           6     1.85685     2.60222     2.60195  0.00247842
           6     1.87991     2.71996     2.71948  0.00248644
           6     1.90298     2.56142     2.56219  0.00249654
           6     1.92605     2.18575     2.18418    0.001224
           6     1.94911     1.68958     1.69127  0.00126184
           6     1.97218     1.19591      1.1984 0.000922206
           6     1.99525    0.801683    0.799705  0.00192637
           6     2.01831    0.539304    0.538639  0.00151585
           6     2.04138    0.433727    0.432001  0.00162289
           6     2.06445    0.458246    0.457924   0.0013611
           6     2.08751    0.585579    0.585385 0.000569572
           6     2.11058    0.757444    0.757653 0.000669074
           6     2.13364    0.917771    0.918322   0.0003117
           6     2.15671     1.01717     1.01741 0.000969388
           6     2.17978     1.02471     1.02369   0.0015235
           6     2.20284    0.921114    0.920578  0.00133333
           6     2.22591    0.781484    0.780859 0.000707489
           6     2.24898    0.654561     0.65275 0.000918834
           6     2.27204    0.569496    0.569151  0.00176903
           6     2.29511    0.570585    0.570177  0.00188203
           7   0.0115332           0           0           0
           7   0.0345996           0           0           0
           7   0.0576661           0           0           0
           7   0.0807325           0           0           0
           7    0.103799           0           0           0
           7    0.126865           0           0           0
           7    0.149932           0           0           0
           7    0.172998           0           0           0
           7    0.196065           0           0           0
           7    0.219131           0           0           0
           7    0.242198           0           0           0
           7    0.265264           0           0           0
           7     0.28833           0           0           0
           7    0.311397           0           0           0
           7    0.334463           0           0           0
           7     0.35753           0           0           0
           7    0.380596           0           0           0
           7    0.403663           0           0           0
           7    0.426729           0           0           0
           7    0.449795           0           0           0
           7    0.472862           0           0           0
           7    0.495928           0           0           0
           7    0.518995           0           0           0
           7    0.542061           0           0           0
           7    0.565128           0           0           0
           7    0.588194           0           0           0
           7     0.61126           0           0           0
           7    0.634327           0           0           0
           7    0.657393           0           0           0
           7     0.68046           0           0           0
           7    0.703526           0           0           0
           7    0.726593           0           0           0
           7    0.749659           0           0           0
           7    0.772725           0           0           0
           7    0.795792           0           0           0
           7    0.818858           0           0           0
           7    0.841925           0           0           0
           7    0.864991           0           0           0
           7    0.888058 2.20922e-05 6.20684e-05 1.06099e-05
           7    0.911124  0.00357492  0.00333906 0.000136688
           7     0.93419    0.047375    0.046759 0.000324633
           7    0.957257    0.291677    0.290226  0.00072292
           7    0.980323     1.00039     1.00306  0.00190614
           7     1.00339     2.23524     2.23645  0.00215288
           7     1.02646     3.63438     3.62462  0.00233791
           7     1.04952      4.6159     4.62119  0.00109063
           7     1.07259     4.88938      4.9028  0.00374522
           7     1.09566     4.50194     4.49484  0.00340956
           7     1.11872     3.66887     3.66442  0.00171537
           7     1.14179     2.69804     2.69901  0.00109674
           7     1.16485      1.8137     1.81415  0.00163063
           7     1.18792     1.13136     1.13158  0.00125164
           7     1.21099    0.654111    0.651515 0.000942385
           7     1.23405    0.352711    0.350682 0.000916794
           7     1.25712    0.177462    0.178676  0.00101107
           7     1.28019   0.0854827   0.0873548 0.000675601
           7     1.30325   0.0478003   0.0478438 0.000466304
           7     1.32632   0.0405396   0.0409353 0.000525521
           7     1.34939    0.058501   0.0594032 0.000591528
           7     1.37245    0.103883    0.104317 0.000646906
           7     1.39552    0.180571    0.182967 0.000671037
           7     1.41859    0.298737    0.298803  0.00104829
           7     1.44165    0.453586     0.45331  0.00105447
           7     1.46472    0.628459    0.630054 0.000489071
           7     1.48778    0.803157    0.798685  0.00104162
           7     1.51085    0.922883    0.924471  0.00209423
           7     1.53392    0.976415    0.972212   0.0019317
           7     1.55698    0.930454    0.930277  0.00158366
           7     1.58005    0.808169    0.810183 0.000706382
           7     1.60312    0.641298    0.641158 0.000675293
           7     1.62618    0.466553    0.465783  0.00113217
           7     1.64925    0.314764    0.315135 0.000745111
           7     1.67232     0.21865    0.218351  0.00100373
           7     1.69538    0.190165    0.189652   0.0008935
           7     1.71845     0.25215    0.252562  0.00099708
           7     1.74152    0.433188    0.431205  0.00116362
           7     1.76458    0.747211    0.747481  0.00160558
           7     1.78765     1.19615     1.19456   0.0012655
           7     1.81071     1.72662     1.72685 0.000418012
           7     1.83378     2.24078     2.23897  0.00203965
           7     1.85685     2.59837     2.60144  0.00217648
           7     1.87991     2.71772     2.71923  0.00214393
           7     1.90298     2.55674     2.56141  0.00225804
           7     1.92605     2.17837     2.18335   0.0013004
           7     1.94911     1.69141     1.69129  0.00108175
           7     1.97218     1.20004     1.19863 0.000819789
           7     1.99525    0.804125    0.800337   0.0017516
           7     2.01831    0.542088    0.539132  0.00137705
           7     2.04138    0.431674    0.431954  0.00139172
           7     2.06445    0.460984    0.458361  0.00123487
           7     2.08751    0.586251    0.585509 0.000501443
           7     2.11058    0.755702    0.757374 0.000628891
           7     2.13364    0.916066       0.918 0.000400596
           7     2.15671     1.01606     1.01722 0.000849773
           7     2.17978     1.02141     1.02337  0.00134038
           7     2.20284    0.921976    0.920777  0.00115772
           7     2.22591    0.781196    0.780907 0.000608053
           7     2.24898    0.652667    0.652738 0.000787649
           7     2.27204    0.568669    0.569082  0.00151765
           7     2.29511    0.569492    0.570079  0.00161571
           8   0.0115332           0           0           0
           8   0.0345996           0           0           0
           8   0.0576661           0           0           0
           8   0.0807325           0           0           0
           8    0.103799           0           0           0
           8    0.126865           0           0           0
           8    0.149932           0           0           0
           8    0.172998           0           0           0
           8    0.196065           0           0           0
           8    0.219131           0           0           0
           8    0.242198           0           0           0
           8    0.265264           0           0           0
           8     0.28833           0           0           0
           8    0.311397           0           0           0
           8    0.334463           0           0           0
           8     0.35753           0           0           0
           8    0.380596           0           0           0
           8    0.403663           0           0           0
           8    0.426729           0           0           0
           8    0.449795           0           0           0
           8    0.472862           0           0           0
           8    0.495928           0           0           0
           8    0.518995           0           0           0
           8    0.542061           0           0           0
           8    0.565128           0           0           0
           8    0.588194           0           0           0
           8     0.61126           0           0           0
           8    0.634327           0           0           0
           8    0.657393           0           0           0
           8     0.68046           0           0           0
           8    0.703526           0           0           0
           8    0.726593           0           0           0
           8    0.749659           0           0           0
           8    0.772725           0           0           0
           8    0.795792           0           0           0
           8    0.818858           0           0           0
           8    0.841925           0           0           0
           8    0.864991           0           0           0
           8    0.888058 0.000117825  6.9038e-05 1.13441e-05
           8    0.911124  0.00331607  0.00333618 0.000119632
           8     0.93419   0.0484864   0.0469749 0.000348541
           8    0.957257    0.295042    0.290828 0.000846886
           8    0.980323     1.00961     1.00388   0.0018356
           8     1.00339     2.25019     2.23817  0.00247537
           8     1.02646     3.61373     3.62326  0.00240972
           8     1.04952     4.61842     4.62084  0.00100784
           8     1.07259     4.89359     4.90165  0.00344935
           8     1.09566     4.47455      4.4923  0.00381206
           8     1.11872     3.66625     3.66465  0.00151614
           8     1.14179     2.69947     2.69907  0.00096116
           8     1.16485     1.81392     1.81412  0.00142704
           8     1.18792     1.13379     1.13186  0.00112536
           8     1.21099    0.652741    0.651668 0.000836954
           8     1.23405    0.356112     0.35136   0.0010231
           8     1.25712    0.180953    0.178961 0.000923893
           8     1.28019    0.088261   0.0874681 0.000600572
           8     1.30325   0.0490176   0.0479905 0.000430483
           8     1.32632   0.0432336   0.0412226 0.000532601
           8     1.34939   0.0609187   0.0595927 0.000547082
           8     1.37245    0.105829    0.104506 0.000592984
           8     1.39552    0.184204    0.183121 0.000604716
           8     1.41859    0.300284    0.298988 0.000933459
           8     1.44165    0.450912     0.45301 0.000964314
           8     1.46472    0.624314    0.629336 0.000795966
           8     1.48778    0.796949    0.798468 0.000933742
           8     1.51085    0.920407    0.923963  0.00189305
           8     1.53392    0.972229    0.972214  0.00169024
           8     1.55698    0.934597    0.930817   0.0014749
           8     1.58005     0.81094    0.810277 0.000624396
           8     1.60312    0.640055    0.641021 0.000604812
           8     1.62618    0.466692    0.465897 0.000996327
           8     1.64925    0.315716    0.315207  0.00065551
           8     1.67232    0.220169    0.218578 0.000903612
           8     1.69538    0.191254    0.189853 0.000803932
           8     1.71845    0.255869    0.252976 0.000954278
           8     1.74152    0.432818    0.431406   0.0010355
           8     1.76458    0.751156     0.74794  0.00146914
           8     1.78765     1.20258     1.19556  0.00145086
           8     1.81071     1.72875     1.72709 0.000427911
           8     1.83378     2.22891     2.23771  0.00213782
           8     1.85685       2.591     2.60013  0.00226203
           8     1.87991      2.7137     2.71854  0.00198441
           8     1.90298     2.55446     2.56054  0.00213655
           8     1.92605     2.17867     2.18276  0.00126229
           8     1.94911     1.69212     1.69139 0.000951451
           8     1.97218     1.20432     1.19934 0.000978191
           8     1.99525    0.804605     0.80087  0.00161187
           8     2.01831    0.544436    0.539795  0.00135519
           8     2.04138    0.434145    0.432228  0.00124441
           8     2.06445    0.461533    0.458758  0.00114239
           8     2.08751    0.585988    0.585569 0.000442326
           8     2.11058    0.758033    0.757457 0.000555642
           8     2.13364    0.915951    0.917744 0.000424594
           8     2.15671     1.01505     1.01695 0.000785717
           8     2.17978     1.02218     1.02322  0.00118099
           8     2.20284    0.919715    0.920645  0.00102059
           8     2.22591    0.779469    0.780727 0.000557982
           8     2.24898    0.652777    0.652743 0.000689208
           8     2.27204     0.57036    0.569242  0.00133632
           8     2.29511    0.570752    0.570163  0.00141593
           9   0.0115332           0           0           0
           9   0.0345996           0           0           0
           9   0.0576661           0           0           0
           9   0.0807325           0           0           0
           9    0.103799           0           0           0
           9    0.126865           0           0           0
           9    0.149932           0           0           0
           9    0.172998           0           0           0
           9    0.196065           0           0           0
           9    0.219131           0           0           0
           9    0.242198           0           0           0
           9    0.265264           0           0           0
           9     0.28833           0           0           0
           9    0.311397           0           0           0
           9    0.334463           0           0           0
           9     0.35753           0           0           0
           9    0.380596           0           0           0
           9    0.403663           0           0           0
           9    0.426729           0           0           0
           9    0.449795           0           0           0
           9    0.472862           0           0           0
           9    0.495928           0           0           0
           9    0.518995           0           0           0
           9    0.542061           0           0           0
           9    0.565128           0           0           0
           9    0.588194           0           0           0
           9     0.61126           0           0           0
           9    0.634327           0           0           0
           9    0.657393           0           0           0
           9     0.68046           0           0           0
           9    0.703526           0           0           0
           9    0.726593           0           0           0
           9    0.749659           0           0           0
           9    0.772725           0           0           0
           9    0.795792           0           0           0
           9    0.818858           0           0           0
           9    0.841925           0           0           0
           9    0.864991           0           0           0
           9    0.888058 7.36405e-05 6.95494e-05 1.00952e-05
           9    0.911124  0.00358191  0.00336349 0.000109411
           9     0.93419   0.0480072   0.0470896 0.000328146
           9    0.957257    0.297717    0.291593  0.00104279
           9    0.980323     1.00407      1.0039  0.00163176
           9     1.00339     2.23974     2.23834  0.00220647
           9     1.02646     3.62491     3.62344  0.00214897
           9     1.04952     4.61378     4.62006  0.00116205
           9     1.07259     4.89811     4.90125   0.0030884
           9     1.09566      4.4967     4.49279  0.00341963
           9     1.11872     3.65804     3.66391  0.00151524
           9     1.14179     2.69098     2.69817  0.00120357
           9     1.16485     1.81438     1.81415  0.00126878
           9     1.18792     1.13141     1.13181  0.00100141
           9     1.21099     0.65585    0.652133 0.000863345
           9     1.23405    0.355685    0.351841  0.00101602
           9     1.25712    0.177705    0.178821  0.00083171
           9     1.28019   0.0895899   0.0877038 0.000578267
           9     1.30325   0.0491681   0.0481213 0.000402044
           9     1.32632   0.0415828   0.0412626 0.000474925
           9     1.34939   0.0594866   0.0595809 0.000486422
           9     1.37245    0.104861    0.104546 0.000528401
           9     1.39552    0.183485    0.183162 0.000538875
           9     1.41859    0.301537    0.299271  0.00087163
           9     1.44165    0.451784    0.452874 0.000866737
           9     1.46472    0.630576    0.629474 0.000719335
           9     1.48778    0.794845    0.798066 0.000912659
           9     1.51085    0.925628    0.924148  0.00169173
           9     1.53392    0.968079    0.971755  0.00156362
           9     1.55698    0.930536    0.930785  0.00131135
           9     1.58005     0.80756    0.809975 0.000623766
           9     1.60312    0.641006    0.641019 0.000537613
           9     1.62618    0.465894    0.465896 0.000885624
           9     1.64925    0.318018     0.31552 0.000652847
           9     1.67232      0.2201    0.218747 0.000818882
           9     1.69538    0.191929    0.190083 0.000746979
           9     1.71845    0.255198    0.253223 0.000879622
           9     1.74152    0.435955    0.431912  0.00103646
           9     1.76458    0.750981    0.748278  0.00134419
           9     1.78765     1.19939     1.19599   0.0013505
           9     1.81071     1.72362      1.7267 0.000525471
           9     1.83378     2.23384     2.23728  0.00194322
           9     1.85685      2.5942     2.59947  0.00210454
           9     1.87991     2.71277      2.7179   0.0018647
           9     1.90298       2.558     2.56026  0.00191766
           9     1.92605     2.18067     2.18253  0.00114321
           9     1.94911     1.69296     1.69157 0.000861461
           9     1.97218     1.20247     1.19969 0.000929209
           9     1.99525    0.801441    0.800934  0.00143402
           9     2.01831    0.541839    0.540022  0.00122349
           9     2.04138    0.435663     0.43261  0.00116321
           9     2.06445    0.460353    0.458935  0.00102912
           9     2.08751    0.586937    0.585721 0.000418491
           9     2.11058    0.758153    0.757534  0.00049926
           9     2.13364    0.916253    0.917578  0.00040845
           9     2.15671     1.01301     1.01651 0.000811286
           9     2.17978     1.01992     1.02285  0.00110504
           9     2.20284    0.918785    0.920438 0.000927869
           9     2.22591     0.78176    0.780842 0.000507635
           9     2.24898    0.653473    0.652824 0.000617378
           9     2.27204    0.571227    0.569462  0.00120592
           9     2.29511    0.572309    0.570402  0.00127852
          10   0.0115332           0           0           0
          10   0.0345996           0           0           0
          10   0.0576661           0           0           0
          10   0.0807325           0           0           0
          10    0.103799           0           0           0
          10    0.126865           0           0           0
          10    0.149932           0           0           0
          10    0.172998           0           0           0
          10    0.196065           0           0           0
          10    0.219131           0           0           0
          10    0.242198           0           0           0
          10    0.265264           0           0           0
          10     0.28833           0           0           0
          10    0.311397           0           0           0
          10    0.334463           0           0           0
          10     0.35753           0           0           0
          10    0.380596           0           0           0
          10    0.403663           0           0           0
          10    0.426729           0           0           0
          10    0.449795           0           0           0
          10    0.472862           0           0           0
          10    0.495928           0           0           0
          10    0.518995           0           0           0
          10    0.542061           0           0           0
          10    0.565128           0           0           0
          10    0.588194           0           0           0
          10     0.61126           0           0           0
          10    0.634327           0           0           0
          10    0.657393           0           0           0
          10     0.68046           0           0           0
          10    0.703526           0           0           0
          10    0.726593           0           0           0
          10    0.749659           0           0           0
          10    0.772725           0           0           0
          10    0.795792           0           0           0
          10    0.818858           0           0           0
          10    0.841925           0           0           0
          10    0.864991           0           0           0
          10    0.888058 7.36405e-05 6.99585e-05 9.09393e-06
          10    0.911124   0.0032671  0.00335385 9.88938e-05
          10     0.93419   0.0472486   0.0471055 0.000295716
          10    0.957257    0.292621    0.291696 0.000943563
          10    0.980323     1.00454     1.00396  0.00146984
          10     1.00339     2.22895      2.2374  0.00217674
          10     1.02646     3.61529     3.62263  0.00208305
          10     1.04952     4.62236     4.62029  0.00106843
          10     1.07259     4.92012     4.90314  0.00330568
          10     1.09566     4.49322     4.49283  0.00307792
          10     1.11872     3.67162     3.66469  0.00154751
          10     1.14179     2.69543      2.6979  0.00111392
          10     1.16485     1.81595     1.81433  0.00115458
          10     1.18792     1.12229     1.13086  0.00127541
          10     1.21099    0.648844    0.651804 0.000837313
          10     1.23405    0.353534     0.35201 0.000928418
          10     1.25712    0.178057    0.178745 0.000752036
          10     1.28019   0.0880838   0.0877418 0.000521687
          10     1.30325   0.0481012   0.0481193 0.000361844
          10     1.32632   0.0402655   0.0411629 0.000437774
          10     1.34939   0.0584787   0.0594707 0.000450094
          10     1.37245    0.103091      0.1044 0.000495188
          10     1.39552    0.182695    0.183115 0.000487005
          10     1.41859    0.300708    0.299415 0.000796223
          10     1.44165    0.449864    0.452573 0.000830674
          10     1.46472    0.631231     0.62965 0.000668506
          10     1.48778    0.800368    0.798296 0.000849943
          10     1.51085    0.926308    0.924364  0.00153628
          10     1.53392    0.976134    0.972192   0.0014673
          10     1.55698    0.929455    0.930652  0.00118694
          10     1.58005    0.812054    0.810183 0.000595027
          10     1.60312    0.640922    0.641009 0.000483938
          10     1.62618    0.463885    0.465695 0.000819592
          10     1.64925    0.311032    0.315071 0.000725609
          10     1.67232    0.216017    0.218474 0.000781175
          10     1.69538    0.191353     0.19021 0.000682989
          10     1.71845     0.25037    0.252937 0.000836638
          10     1.74152    0.430984    0.431819 0.000936965
          10     1.76458    0.745053    0.747956  0.00124786
          10     1.78765     1.19312      1.1957  0.00124563
          10     1.81071     1.72773      1.7268 0.000482909
          10     1.83378     2.24444       2.238   0.0018762
          10     1.85685     2.60686     2.60021   0.0020197
          10     1.87991     2.71717     2.71783  0.00167965
          10     1.90298     2.56149     2.56038  0.00172982
          10     1.92605     2.18948     2.18323  0.00122194
          10     1.94911     1.69179     1.69159 0.000775602
          10     1.97218     1.19545     1.19927  0.00092826
          10     1.99525    0.795858    0.800426  0.00137753
          10     2.01831    0.537641    0.539784  0.00112407
          10     2.04138    0.430202    0.432369   0.0010715
          10     2.06445    0.457753    0.458817 0.000932973
          10     2.08751    0.583596    0.585508 0.000427202
          10     2.11058    0.759337    0.757714 0.000480781
          10     2.13364     0.92196    0.918016 0.000554894
          10     2.15671     1.02036     1.01689 0.000816542
          10     2.17978     1.02157     1.02272  0.00100196
          10     2.20284    0.919914    0.920386 0.000836561
          10     2.22591    0.781498    0.780908 0.000461093
          10     2.24898    0.649858    0.652528 0.000622837
          10     2.27204    0.568823    0.569398  0.00108702
          10     2.29511    0.569923    0.570354  0.00115156
