   0.0115332           0           0
   0.0345996           0           0
   0.0576661           0           0
   0.0807325           0           0
    0.103799           0           0
    0.126865           0           0
    0.149932           0           0
    0.172998           0           0
    0.196065           0           0
    0.219131           0           0
    0.242198           0           0
    0.265264           0           0
     0.28833           0           0
    0.311397           0           0
    0.334463           0           0
     0.35753           0           0
    0.380596           0           0
    0.403663           0           0
    0.426729           0           0
    0.449795           0           0
    0.472862           0           0
    0.495928           0           0
    0.518995           0           0
    0.542061           0           0
    0.565128           0           0
    0.588194           0           0
     0.61126           0           0
    0.634327           0           0
    0.657393           0           0
     0.68046           0           0
    0.703526           0           0
    0.726593           0           0
    0.749659           0           0
    0.772725           0           0
    0.795792           0           0
    0.818858           0           0
    0.841925           0           0
    0.864991           0           0
    0.888058 6.99585e-05 9.09393e-06
    0.911124  0.00335385 9.88938e-05
     0.93419   0.0471055 0.000295716
    0.957257    0.291696 0.000943563
    0.980323     1.00396  0.00146984
     1.00339      2.2374  0.00217674
     1.02646     3.62263  0.00208305
     1.04952     4.62029  0.00106843
     1.07259     4.90314  0.00330568
     1.09566     4.49283  0.00307792
     1.11872     3.66469  0.00154751
     1.14179      2.6979  0.00111392
     1.16485     1.81433  0.00115458
     1.18792     1.13086  0.00127541
     1.21099    0.651804 0.000837313
     1.23405     0.35201 0.000928418
     1.25712    0.178745 0.000752036
     1.28019   0.0877418 0.000521687
     1.30325   0.0481193 0.000361844
     1.32632   0.0411629 0.000437774
     1.34939   0.0594707 0.000450094
     1.37245      0.1044 0.000495188
     1.39552    0.183115 0.000487005
     1.41859    0.299415 0.000796223
     1.44165    0.452573 0.000830674
     1.46472     0.62965 0.000668506
     1.48778    0.798296 0.000849943
     1.51085    0.924364  0.00153628
     1.53392    0.972192   0.0014673
     1.55698    0.930652  0.00118694
     1.58005    0.810183 0.000595027
     1.60312    0.641009 0.000483938
     1.62618    0.465695 0.000819592
     1.64925    0.315071 0.000725609
     1.67232    0.218474 0.000781175
     1.69538     0.19021 0.000682989
     1.71845    0.252937 0.000836638
     1.74152    0.431819 0.000936965
     1.76458    0.747956  0.00124786
     1.78765      1.1957  0.00124563
     1.81071      1.7268 0.000482909
     1.83378       2.238   0.0018762
     1.85685     2.60021   0.0020197
     1.87991     2.71783  0.00167965
     1.90298     2.56038  0.00172982
     1.92605     2.18323  0.00122194
     1.94911     1.69159 0.000775602
     1.97218     1.19927  0.00092826
     1.99525    0.800426  0.00137753
     2.01831    0.539784  0.00112407
     2.04138    0.432369   0.0010715
     2.06445    0.458817 0.000932973
     2.08751    0.585508 0.000427202
     2.11058    0.757714 0.000480781
     2.13364    0.918016 0.000554894
     2.15671     1.01689 0.000816542
     2.17978     1.02272  0.00100196
     2.20284    0.920386 0.000836561
     2.22591    0.780908 0.000461093
     2.24898    0.652528 0.000622837
     2.27204    0.569398  0.00108702
     2.29511    0.570354  0.00115156
