0 -0.786046 0.00369008
1 -0.785821 0.00366624
2 -0.785324 0.00371014
3 -0.785246 0.00369665
4 -0.785679 0.0036628
5 -0.785482 0.00370189
6 -0.785502 0.00361782
7 -0.786112 0.00344555
8 -0.785782 0.00349542
9 -0.785405 0.00344089
10 -0.78588 0.00340922
11 -0.78596 0.00340618
12 -0.786063 0.00332478
13 -0.785965 0.00333877
14 -0.786297 0.0033201
15 -0.787024 0.00326847
16 -0.78732 0.00330886
17 -0.787278 0.00342483
18 -0.787188 0.00346288
19 -0.786718 0.00351079
20 -0.786868 0.00355808
21 -0.786578 0.00368476
22 -0.786715 0.00371092
23 -0.786841 0.00368934
24 -0.786547 0.00365177
25 -0.787 0.00359455
26 -0.787497 0.00371972
27 -0.787361 0.0037228
28 -0.786919 0.00374917
29 -0.786807 0.00375986
30 -0.786758 0.00367773
31 -0.78661 0.00360382
32 -0.786986 0.00368007
33 -0.786971 0.003822
34 -0.787477 0.00376522
35 -0.787079 0.00383439
36 -0.786956 0.00386236
37 -0.786326 0.00393121
38 -0.786473 0.00392451
39 -0.786232 0.00398721
40 -0.786141 0.0038289
41 -0.785962 0.00391763
42 -0.786096 0.00382717
43 -0.786168 0.00384617
44 -0.7862 0.00381241
45 -0.786021 0.00379905
46 -0.786031 0.00383693
47 -0.785828 0.00387554
48 -0.785677 0.00393515
49 -0.785588 0.0040067
50 -0.785388 0.00401033
51 -0.785036 0.00399405
52 -0.785235 0.0040222
53 -0.785553 0.0040013
54 -0.785107 0.00396075
55 -0.785023 0.00396315
56 -0.784941 0.00405051
57 -0.784577 0.00414163
58 -0.784505 0.0041585
59 -0.784879 0.00418504
60 -0.784791 0.00417684
61 -0.784734 0.00409809
62 -0.784477 0.00416819
63 -0.784422 0.00417706
64 -0.784315 0.00422779
65 -0.784394 0.00426005
66 -0.784735 0.004237
67 -0.784349 0.00415088
68 -0.7843 0.00411902
69 -0.784668 0.00399914
70 -0.785192 0.00399906
71 -0.785262 0.00405241
72 -0.785489 0.00402505
73 -0.785264 0.00402168
74 -0.785106 0.00412215
75 -0.784894 0.00419817
76 -0.784947 0.00426012
77 -0.784167 0.00422654
78 -0.783926 0.00432011
79 -0.78357 0.00429708
80 -0.783726 0.00433028
81 -0.783915 0.00429565
82 -0.7838 0.00415735
83 -0.783884 0.00418059
84 -0.784002 0.00422595
85 -0.784225 0.00419665
86 -0.78375 0.00415274
87 -0.783936 0.00406509
88 -0.783929 0.00403227
89 -0.783775 0.00400759
90 -0.784234 0.00395473
91 -0.784257 0.00382877
92 -0.784347 0.00370109
93 -0.783817 0.00362814
94 -0.7842 0.00355424
95 -0.784235 0.00355519
96 -0.784473 0.00355787
97 -0.784779 0.00359111
98 -0.78467 0.0035994
99 -0.784283 0.00357431
100 -0.784441 0.00352168
101 -0.784684 0.00350558
102 -0.784452 0.00347099
103 -0.784523 0.0034464
104 -0.784656 0.00341722
105 -0.784431 0.00344514
106 -0.784482 0.00335963
107 -0.784127 0.00330861
108 -0.783951 0.00333891
109 -0.784317 0.00324662
110 -0.784822 0.00330503
111 -0.784629 0.00335045
112 -0.784947 0.00329885
113 -0.784806 0.00320418
114 -0.785111 0.00315249
115 -0.785164 0.00324279
116 -0.785434 0.00320113
117 -0.785579 0.00316022
118 -0.785186 0.003203
119 -0.785366 0.00328096
120 -0.785518 0.0032539
121 -0.785975 0.00330628
122 -0.785806 0.00321127
123 -0.786016 0.00315813
124 -0.78607 0.00323483
125 -0.786355 0.0031399
126 -0.786209 0.00320462
127 -0.786748 0.00306114
128 -0.78683 0.00302985
129 -0.787021 0.00310091
130 -0.788093 0.00298495
131 -0.787693 0.00290278
132 -0.787705 0.00293693
133 -0.787717 0.00287741
134 -0.78753 0.00292904
135 -0.787506 0.00286517
136 -0.787353 0.00287697
137 -0.787626 0.00284175
138 -0.787284 0.00280982
139 -0.787827 0.00272613
140 -0.78789 0.00273685
141 -0.7876 0.00274316
142 -0.787514 0.00278482
143 -0.787507 0.00275014
144 -0.787394 0.00279715
145 -0.787215 0.00283405
146 -0.786823 0.00293705
147 -0.786421 0.00290705
148 -0.78664 0.00290199
149 -0.786609 0.00296
150 -0.786551 0.00303963
151 -0.786272 0.0030238
152 -0.78629 0.00290867
153 -0.786325 0.00291563
154 -0.786062 0.00295854
155 -0.785701 0.00309162
156 -0.785472 0.00307616
157 -0.785407 0.00311362
158 -0.785705 0.00317974
159 -0.785698 0.0031211
160 -0.785529 0.00317539
161 -0.785593 0.00317007
162 -0.785678 0.00317616
163 -0.786065 0.00326548
164 -0.785378 0.0032517
165 -0.785232 0.00333467
166 -0.785073 0.00328804
167 -0.785028 0.0033622
168 -0.784681 0.00335989
169 -0.784852 0.00344742
170 -0.785109 0.00341618
171 -0.785232 0.00341418
172 -0.785263 0.00338919
173 -0.785227 0.00343842
174 -0.785123 0.00344207
175 -0.785361 0.00347039
176 -0.785591 0.0033834
177 -0.785175 0.00349806
178 -0.78518 0.00351077
179 -0.785105 0.00357105
180 -0.785217 0.00348767
181 -0.785367 0.0035226
182 -0.785273 0.00351826
183 -0.785189 0.00355561
184 -0.785224 0.003655
185 -0.784784 0.00374021
186 -0.784659 0.00366197
187 -0.78477 0.0036342
188 -0.78461 0.00363516
189 -0.784453 0.00352308
190 -0.784189 0.0035015
191 -0.78447 0.00362958
192 -0.784085 0.00362606
193 -0.784104 0.00363747
194 -0.784024 0.00364189
195 -0.784117 0.0036939
196 -0.784065 0.00358684
197 -0.783836 0.00358754
198 -0.783652 0.00364156
199 -0.783629 0.00356975
200 -0.783674 0.00352142
201 -0.783533 0.00346582
202 -0.783207 0.00353632
203 -0.783493 0.00356405
204 -0.783379 0.00360653
205 -0.783676 0.00360158
206 -0.782926 0.00370138
207 -0.782817 0.0036614
208 -0.782143 0.00360156
209 -0.781743 0.00366047
210 -0.781653 0.00364192
211 -0.781761 0.00375231
212 -0.781812 0.00373307
213 -0.781498 0.00372127
214 -0.781785 0.00379867
215 -0.781816 0.00393328
216 -0.782123 0.00404187
217 -0.781764 0.00408473
218 -0.781932 0.00407327
219 -0.781589 0.00412297
220 -0.781439 0.00404694
221 -0.781113 0.00413333
222 -0.781606 0.00414697
223 -0.781556 0.00423368
224 -0.781882 0.00426313
225 -0.781745 0.00426168
226 -0.781687 0.00415038
227 -0.781442 0.00412371
228 -0.781131 0.00408732
229 -0.781425 0.00413997
230 -0.78156 0.00401383
231 -0.781853 0.00407853
232 -0.781897 0.00411166
233 -0.781702 0.00408218
234 -0.781974 0.00406732
235 -0.782313 0.00398511
236 -0.782367 0.00405537
237 -0.782627 0.0039679
238 -0.782765 0.00388172
239 -0.782404 0.00393077
240 -0.782189 0.00387981
241 -0.78185 0.00391102
242 -0.782029 0.00389327
243 -0.782234 0.00380237
244 -0.78221 0.00383035
245 -0.782575 0.00382054
246 -0.782855 0.00376644
247 -0.782806 0.00381022
248 -0.782639 0.00382269
249 -0.78304 0.00387152
250 -0.78322 0.00380061
251 -0.782678 0.00367233
252 -0.782114 0.00370446
253 -0.782035 0.0037586
254 -0.78226 0.00376741
255 -0.781962 0.00376515
256 -0.782003 0.00368142
257 -0.781699 0.00365443
258 -0.781618 0.00366041
259 -0.781621 0.00354768
260 -0.781693 0.00356155
261 -0.781459 0.0035342
262 -0.781381 0.00360172
263 -0.781191 0.0036223
264 -0.780715 0.00370631
265 -0.78064 0.00374364
266 -0.781033 0.00383002
267 -0.781017 0.00389307
268 -0.780948 0.00393566
269 -0.781161 0.00403636
270 -0.781381 0.00407333
271 -0.781319 0.00410112
272 -0.781234 0.00404798
273 -0.781054 0.00403702
274 -0.780943 0.00395433
275 -0.78058 0.00396786
276 -0.780287 0.00391883
277 -0.780562 0.00396255
278 -0.780968 0.00406309
279 -0.781048 0.00395012
280 -0.781343 0.00391494
281 -0.781546 0.00388288
282 -0.781371 0.00385609
283 -0.781707 0.00383664
284 -0.781479 0.00379125
285 -0.781403 0.00378168
286 -0.781196 0.00370621
287 -0.781533 0.00367779
288 -0.781364 0.00359419
289 -0.781207 0.00351892
290 -0.780727 0.0036235
291 -0.780385 0.00365426
292 -0.780714 0.00361747
293 -0.780863 0.00358934
294 -0.780885 0.00358302
295 -0.780941 0.00352826
296 -0.781548 0.00348856
297 -0.781606 0.00346527
298 -0.781904 0.00354309
299 -0.781248 0.00350756
