           1     15.5906     15.5906           0
           2     15.2146     15.4026    0.132954
           3     15.4508     15.4187   0.0896012
           4     14.8054     15.2653    0.148826
           5     15.5551     15.3233     0.12985
           6     15.3162     15.3221    0.108214
           7     15.4737     15.3438   0.0948966
           8     16.3215      15.466    0.141296
           9     15.3112     15.4488    0.126638
          10     16.4573     15.5496    0.148809
          11     15.4964     15.5448     0.13536
          12     17.3379     15.6942    0.189377
          13     14.4433      15.598    0.197753
          14     14.7309     15.5361    0.193083
          15     15.4939     15.5332    0.180232
          16     17.4006       15.65    0.203274
          17     15.2523     15.6266    0.192658
          18     13.8102     15.5257      0.2067
          19      14.493     15.4713    0.202841
          20     15.6172     15.4786     0.19283
           1     15.6223     15.6223           0
           2     15.2001     15.4112    0.149281
           3     15.4807     15.4344    0.101301
           4     14.8148     15.2795    0.154162
           5     15.5549     15.3346    0.132807
           6     15.2836     15.3261    0.110943
           7     15.4703     15.3467   0.0969898
           8     16.3302     15.4696    0.142927
           9     15.3082     15.4517    0.128167
          10     16.4422     15.5507    0.148781
          11     15.4758     15.5439    0.135411
          12      17.326     15.6924    0.188745
          13     14.4686     15.5983    0.196307
          14     14.7575     15.5382     0.19125
          15     15.5484     15.5389    0.178501
          16     17.4059     15.6556    0.201913
          17     15.2412     15.6312    0.191501
          18     13.7891     15.5289    0.206405
          19     14.5112     15.4753    0.202373
          20     15.6142     15.4823    0.192374
