           1    0.232073    0.232073           0
           2    0.230121    0.231097     0.00069
           3    0.228815    0.230336 0.000772873
           4    0.226143    0.229288  0.00107716
           5    0.234819    0.230394  0.00131213
           6    0.228939    0.230152  0.00111564
           7     0.23133     0.23032 0.000968884
           8    0.223859    0.229512  0.00113553
           9    0.229147    0.229472  0.00101008
          10    0.229778    0.229502 0.000909538
          11    0.227522    0.229322 0.000844492
          12    0.227938    0.229207 0.000781963
          13    0.229764     0.22925 0.000722984
          14    0.228817    0.229219 0.000672003
          15    0.230457    0.229301 0.000632251
          16     0.22991    0.229339 0.000593878
          17    0.227515    0.229232 0.000568561
          18    0.226862      0.2291 0.000552007
          19    0.229186    0.229105 0.000522972
          20    0.229715    0.229135 0.000497714
           1    0.234376    0.234376           0
           2     0.23382    0.234098 0.000196496
           3    0.229531    0.232576  0.00124999
           4    0.227421    0.231287  0.00145755
           5    0.231182    0.231266  0.00116619
           6    0.232666    0.231499 0.000994897
           7    0.233128    0.231732  0.00087957
           8    0.227422    0.231193 0.000919944
           9    0.231324    0.231208 0.000817843
          10    0.237447    0.231832 0.000944515
          11    0.226584    0.231355 0.000971694
          12    0.229627    0.231211 0.000901324
          13    0.228897    0.231033 0.000849384
          14    0.231891    0.231094 0.000790921
          15    0.229365    0.230979 0.000746546
          16    0.229888    0.230911 0.000702991
          17     0.22734      0.2307 0.000692304
          18    0.225703    0.230423 0.000707325
          19    0.229001    0.230348 0.000674042
          20    0.231854    0.230423 0.000644534
