           1    0.034276    0.034276           0
           2    0.027564     0.03092  0.00237305
           3      0.0306   0.0308133  0.00158443
           4    0.038424    0.032716  0.00203155
           5    0.023776    0.030928  0.00228013
           6    0.023036   0.0296127   0.0022477
           7    0.029204   0.0295543  0.00192736
           8    0.028104    0.029373  0.00169494
           9    0.036136   0.0301244  0.00166488
          10    0.038432   0.0309552  0.00169302
          11    0.036104   0.0314233  0.00160251
          12    0.027764   0.0311183   0.0014977
          13    0.037972   0.0316455  0.00147236
          14    0.026188   0.0312557  0.00141786
          15    0.022564   0.0306763  0.00143687
          16    0.039356   0.0312188  0.00144585
          17    0.028312   0.0310478  0.00137087
          18      0.0243   0.0306729  0.00134499
          19      0.0197   0.0300954  0.00139268
          20    0.018204   0.0295008   0.0014444
           1    0.033604    0.033604           0
           2    0.028544    0.031074  0.00178898
           3     0.03176   0.0313027  0.00120718
           4    0.038884    0.033198  0.00187455
           5     0.02592   0.0317424  0.00198593
           6    0.021196   0.0299847  0.00230511
           7     0.02754   0.0296354  0.00200209
           8    0.027848    0.029412  0.00176425
           9     0.03716   0.0302729  0.00176582
          10     0.03934   0.0311796  0.00180709
          11    0.036592   0.0316716  0.00170848
          12    0.027448   0.0313197  0.00160196
          13     0.03936   0.0319382  0.00159366
          14    0.026308    0.031536  0.00152972
          15    0.023304   0.0309872  0.00152301
          16     0.03868    0.031468  0.00150179
          17     0.02832   0.0312828  0.00142482
          18    0.024188   0.0308887  0.00139912
          19     0.02078   0.0303566  0.00142305
          20     0.01738   0.0297078   0.0014925
