           1     0.28696     0.28696           0
           2     0.32006     0.30351   0.0117026
           3    0.290552    0.299191  0.00856183
           4    0.251904    0.287369    0.012085
           5    0.256276     0.28115   0.0111538
           6    0.321012    0.287794   0.0110984
           7    0.281552    0.286902   0.0095487
           8    0.358492    0.295851    0.011827
           9      0.3008    0.296401   0.0105256
          10    0.333168    0.300078   0.0100948
          11    0.341456    0.303839  0.00985309
          12    0.262436    0.300389  0.00961714
          13    0.321896    0.302043  0.00901853
          14     0.18272     0.29352   0.0117296
          15    0.177304    0.285773   0.0132619
          16    0.273204    0.284987   0.0124562
          17    0.341552    0.288314   0.0121598
          18     0.30756    0.289384   0.0115312
          19    0.250248    0.287324   0.0111067
          20    0.249424    0.285429   0.0107118
           1    0.286636    0.286636           0
           2    0.320392    0.303514   0.0119345
           3    0.291896    0.299641  0.00856167
           4     0.25212    0.287761    0.012128
           5    0.256336    0.281476   0.0112133
           6    0.319684    0.287844    0.011005
           7    0.282992    0.287151   0.0094547
           8    0.358076    0.296017   0.0117139
           9    0.301472    0.296623    0.010428
          10    0.333344    0.300295   0.0100109
          11    0.341692    0.304058  0.00978266
          12    0.261668    0.300526  0.00958403
          13    0.321752    0.302158  0.00898481
          14    0.182884    0.293639   0.0117049
          15    0.176956     0.28586   0.0132598
          16    0.273536     0.28509   0.0124535
          17    0.341472    0.288406   0.0121545
          18    0.307116    0.289446   0.0115236
          19    0.251524     0.28745   0.0110886
          20    0.249384    0.285547   0.0106963
