           1    0.218581    0.218581           0
           2    0.211898     0.21524  0.00236296
           3    0.218812     0.21643  0.00185117
           4    0.210098    0.214847  0.00195122
           5    0.216729    0.215224  0.00159686
           6    0.212051    0.214695  0.00141556
           7    0.212891    0.214437  0.00123656
           8    0.203095    0.213019  0.00171157
           9       0.215    0.213239  0.00153547
          10    0.212663    0.213182    0.001383
          11    0.207193    0.212637  0.00136022
          12    0.207453    0.212205  0.00131368
          13    0.220725    0.212861  0.00136635
          14    0.209986    0.212655  0.00128409
          15    0.210618     0.21252  0.00120565
          16    0.216114    0.212744  0.00115103
          17    0.209197    0.212536  0.00110207
          18    0.214764    0.212659  0.00104778
          19    0.211995    0.212624 0.000993214
          20     0.21735    0.212861 0.000971257
           1    0.216402    0.216402           0
           2    0.214955    0.215679 0.000511555
           3    0.213947    0.215102 0.000581648
           4    0.208948    0.213563  0.00140193
           5    0.216922    0.214235  0.00127238
           6    0.213659    0.214139  0.00106394
           7    0.215568    0.214343 0.000931319
           8    0.204862    0.213158  0.00137587
           9    0.211428    0.212966  0.00123635
          10    0.215829    0.213252   0.0011454
          11    0.206014    0.212594  0.00121566
          12    0.208525    0.212255  0.00116069
          13    0.218247    0.212716  0.00115931
          14    0.214383    0.212835   0.0010826
          15    0.212751    0.212829  0.00101044
          16    0.214246    0.212918 0.000951159
          17    0.212326    0.212883 0.000895845
          18    0.212757    0.212876 0.000846103
          19    0.215804     0.21303 0.000815484
          20    0.217635     0.21326 0.000806561
