           1    0.271143    0.271143           0
           2    0.273017     0.27208 0.000662623
           3    0.265093    0.269751  0.00195209
           4    0.276271    0.271381  0.00203368
           5    0.278151    0.272735  0.00202822
           6    0.268937    0.272102  0.00178625
           7    0.266701     0.27133  0.00168949
           8    0.270687     0.27125  0.00148021
           9    0.265104    0.270567  0.00146484
          10    0.269066    0.270417  0.00132602
          11    0.273522    0.270699  0.00123515
          12    0.268062    0.270479  0.00115161
          13    0.268226    0.270306  0.00107599
          14    0.272109    0.270435  0.00100681
          15    0.266547    0.270176 0.000972485
          16    0.273514    0.270384 0.000933822
          17    0.265688    0.270108 0.000918854
          18    0.270839    0.270149 0.000868704
          19    0.267807    0.270025 0.000831678
          20    0.269685    0.270008 0.000790268
           1    0.265599    0.265599           0
           2    0.273289    0.269444  0.00271892
           3    0.261272     0.26672   0.0028692
           4    0.273402    0.268391  0.00259299
           5    0.275372    0.269787  0.00242134
           6    0.270312    0.269875  0.00201936
           7    0.263758    0.269001  0.00191061
           8    0.268731    0.268967  0.00167208
           9    0.266418    0.268684   0.0015101
          10    0.272912    0.269107  0.00141704
          11    0.270659    0.269248  0.00129523
          12    0.267712     0.26912   0.0011936
          13    0.271241    0.269283  0.00111288
          14     0.27267    0.269525  0.00105936
          15    0.270461    0.269587 0.000990568
          16    0.274728    0.269909 0.000979372
          17    0.271954    0.270029 0.000929126
          18    0.273117      0.2702 0.000893207
          19    0.263347     0.26984 0.000916141
          20    0.268668    0.269781 0.000872205
