           1    0.409611    0.409611           0
           2    0.430287    0.419949  0.00731001
           3    0.404744    0.414881  0.00639336
           4     0.43679    0.420358  0.00674483
           5    0.432288    0.422744  0.00580257
           6    0.402942    0.419444  0.00569721
           7    0.430662    0.421046  0.00510376
           8    0.417716     0.42063  0.00448273
           9    0.416842    0.420209  0.00400436
          10     0.41863    0.420051  0.00360704
          11    0.436608    0.421556  0.00357942
          12    0.403489    0.420051  0.00358382
          13    0.415008    0.419663  0.00332907
          14    0.413903    0.419251   0.0031166
          15    0.417584     0.41914  0.00291081
          16    0.405754    0.418304  0.00284658
          17    0.433883     0.41922   0.0028228
          18    0.431069    0.419878  0.00274165
          19    0.409144    0.419313  0.00265492
          20    0.410581    0.418877  0.00255782
           1    0.414312    0.414312           0
           2    0.422935    0.418623  0.00304862
           3    0.406494     0.41458  0.00387671
           4    0.433113    0.419213  0.00495509
           5    0.432888    0.421948   0.0046581
           6    0.397513    0.417876  0.00537488
           7     0.43285    0.420015  0.00501472
           8    0.412746    0.419106  0.00446944
           9    0.415838    0.418743  0.00398755
          10    0.421811     0.41905  0.00360058
          11    0.445757    0.421478  0.00400915
          12    0.403964    0.420018  0.00393174
          13    0.415112    0.419641  0.00364737
          14     0.42236    0.419835  0.00339202
          15    0.417862    0.419704  0.00316843
          16     0.40459    0.418759  0.00310803
          17    0.431094    0.419485  0.00300871
          18    0.427328     0.41992  0.00287294
          19    0.413685    0.419592  0.00274041
          20    0.405647    0.418895  0.00269063
