           1     0.10594     0.10594           0
           2    0.111556    0.108748  0.00198556
           3      0.1125    0.109999  0.00167182
           4    0.098136    0.107033  0.00285807
           5     0.11342     0.10831  0.00255603
           6      0.1274    0.111492  0.00360173
           7    0.106484    0.110777  0.00315745
           8    0.125468    0.112613  0.00325328
           9     0.11244    0.112594  0.00289186
          10    0.138988    0.115233  0.00361162
          11     0.07194    0.111297  0.00498617
          12    0.088856    0.109427  0.00490885
          13    0.157452    0.113122  0.00575583
          14    0.106212    0.112628  0.00536582
          15    0.092472    0.111284  0.00517361
          16    0.129016    0.112393  0.00496754
          17    0.071952    0.110014   0.0052139
          18    0.147236    0.112082  0.00531854
          19    0.097892    0.111335  0.00509078
          20    0.116216    0.111579  0.00484209
           1    0.108548    0.108548           0
           2    0.111508    0.110028  0.00104652
           3    0.112564    0.110873 0.000981401
           4    0.098792    0.107853  0.00271727
           5    0.113788     0.10904  0.00241923
           6    0.127652    0.112142  0.00347606
           7    0.106908    0.111394  0.00305884
           8    0.127404    0.113395  0.00326617
           9    0.112236    0.113267   0.0029058
          10    0.138292    0.115769  0.00353211
          11    0.072272    0.111815  0.00495232
          12    0.088168    0.109844  0.00491607
          13    0.156208    0.113411  0.00568627
          14    0.106464    0.112915  0.00530172
          15    0.093728    0.111635  0.00510024
          16     0.12862    0.112697  0.00489069
          17    0.071152    0.110253  0.00517771
          18    0.146304    0.112256  0.00526318
          19    0.098656     0.11154  0.00503461
          20     0.11598    0.111762  0.00478777
