           1     2.61595     2.61595           0
           2     2.49911     2.55753   0.0413082
           3     2.52537     2.54681    0.028897
           4     2.33915     2.49489   0.0499115
           5     2.49915     2.49575   0.0399365
           6     2.54535     2.50401   0.0341256
           7     2.61315     2.51961   0.0326182
           8      2.4646     2.51273   0.0292567
           9     2.60529     2.52301   0.0277546
          10     2.41922     2.51263   0.0268498
          11     2.58916     2.51959   0.0252942
          12     2.61341     2.52741   0.0243648
          13      2.4465     2.52119    0.023272
          14     2.65289     2.53059    0.023434
          15     2.47709     2.52703   0.0221415
          16     2.58094      2.5304   0.0210126
          17     2.49476      2.5283   0.0198808
          18     2.40148     2.52125   0.0199859
          19     2.50652     2.52048    0.018949
          20      2.6746     2.52818   0.0195056
           1     2.59387     2.59387           0
           2     2.48849     2.54118    0.037256
           3      2.5268     2.53639   0.0251438
           4     2.32949     2.48466   0.0486023
           5     2.49946     2.48762   0.0389719
           6     2.52762     2.49429   0.0330418
           7     2.59768     2.50906   0.0314501
           8     2.43515     2.49982    0.028844
           9     2.60971     2.51203   0.0281049
          10     2.44677      2.5055    0.026041
          11     2.60098     2.51418   0.0250785
          12     2.60369     2.52164   0.0240722
          13     2.44573      2.5158   0.0229177
          14     2.65767     2.52594   0.0234142
          15     2.50857     2.52478   0.0218819
          16     2.58381     2.52847    0.020823
          17     2.49854     2.52671   0.0196724
          18     2.40779      2.5201   0.0196575
          19     2.50413     2.51926   0.0186408
          20     2.66088     2.52634   0.0190062
