           1   -0.646224   -0.646224           0
           2   -0.648544   -0.647384 0.000820244
           3   -0.646504   -0.647091  0.00059698
           4    -0.64292   -0.646048  0.00100788
           5   -0.645648   -0.645968 0.000809477
           6   -0.646968   -0.646135 0.000691509
           7   -0.647992     -0.6464  0.00064161
           8    -0.64624    -0.64638 0.000561721
           9    -0.64704   -0.646453 0.000504071
          10   -0.646152   -0.646423 0.000454564
          11   -0.647184   -0.646492 0.000418469
          12   -0.645392   -0.646401 0.000393515
          13    -0.64784   -0.646511   0.0003785
          14   -0.649744   -0.646742 0.000415973
          15     -0.6452   -0.646639 0.000400748
          16   -0.645984   -0.646598 0.000377789
          17    -0.64684   -0.646613 0.000355833
          18   -0.643888   -0.646461 0.000366852
          19    -0.64988   -0.646641 0.000389175
          20   -0.642848   -0.646452 0.000413357
           1   -0.645576   -0.645576           0
           2   -0.648368   -0.646972 0.000987121
           3   -0.646864   -0.646936 0.000658737
           4   -0.642856   -0.645916  0.00101212
           5   -0.645608   -0.645854 0.000811569
           6   -0.647384   -0.646109 0.000715228
           7   -0.647968   -0.646375 0.000660503
           8    -0.64552   -0.646268  0.00058652
           9   -0.648216   -0.646484 0.000559866
          10   -0.645616   -0.646398 0.000510571
          11   -0.647928   -0.646537 0.000482739
          12     -0.6452   -0.646425 0.000455181
          13    -0.64732   -0.646494 0.000425338
          14   -0.650384   -0.646772 0.000477153
          15   -0.644968   -0.646652  0.00046025
          16    -0.64592   -0.646606 0.000433751
          17     -0.6458   -0.646559 0.000410819
          18   -0.644064    -0.64642 0.000410707
          19     -0.6506    -0.64664 0.000444122
          20    -0.64408   -0.646512 0.000439975
