           1    0.034072    0.034072           0
           2     0.04486    0.039466  0.00381413
           3    0.037828     0.03892  0.00258154
           4    0.033284    0.037511  0.00228859
           5    0.047492   0.0395072  0.00255733
           6    0.038968   0.0394173  0.00213269
           7     0.03334   0.0385491  0.00199693
           8    0.053936   0.0404725  0.00250799
           9    0.037492   0.0401413  0.00225108
          10      0.0396   0.0400872  0.00202662
          11    0.047972    0.040804  0.00196506
          12    0.037124   0.0404973  0.00182508
          13    0.039728   0.0404382  0.00168565
          14    0.037356    0.040218  0.00157956
          15    0.040772   0.0402549  0.00147468
          16    0.046232   0.0406285  0.00142905
          17     0.03372   0.0402221  0.00140158
          18    0.047488   0.0406258  0.00138062
          19    0.027948   0.0399585  0.00146032
          20    0.032148    0.039568  0.00143858
           1     0.03612     0.03612           0
           2    0.045004    0.040562  0.00314097
           3    0.038308   0.0398107  0.00218199
           4    0.034996    0.038607  0.00194029
           5    0.046776   0.0402408  0.00213187
           6    0.038836   0.0400067  0.00178937
           7    0.033924   0.0391377  0.00173193
           8    0.054976   0.0411175  0.00239294
           9    0.037592   0.0407258  0.00215888
          10    0.039536   0.0406068  0.00194627
          11    0.048396   0.0413149  0.00189378
          12    0.035972   0.0408697  0.00178753
          13    0.040048   0.0408065  0.00165115
          14    0.037496     0.04057  0.00155005
          15    0.042144   0.0406749  0.00145026
          16      0.0466   0.0410452   0.0014061
          17    0.034944   0.0406864  0.00136843
          18    0.046084   0.0409862  0.00132485
          19    0.029844   0.0403998  0.00137882
          20    0.033976   0.0400786  0.00134677
