           1   -0.804112   -0.804112           0
           2   -0.804664   -0.804388 0.000195161
           3   -0.807456   -0.805411  0.00084508
           4   -0.801456   -0.804422  0.00106528
           5   -0.805688   -0.804675 0.000881798
           6   -0.804984   -0.804727 0.000736332
           7      -0.803    -0.80448 0.000671187
           8     -0.8062   -0.804695  0.00062077
           9   -0.802136   -0.804411 0.000613466
          10   -0.804864   -0.804456 0.000553792
          11   -0.801072   -0.804148 0.000582662
          12   -0.811608    -0.80477 0.000799687
          13   -0.801376   -0.804509 0.000779626
          14    -0.80956    -0.80487 0.000803094
          15    -0.80144   -0.804641 0.000781426
          16   -0.806016   -0.804727 0.000737296
          17   -0.804288   -0.804701 0.000694378
          18   -0.802288   -0.804567 0.000668618
          19   -0.804496   -0.804563 0.000633438
          20   -0.808168   -0.804744 0.000626883
           1   -0.804272   -0.804272           0
           2   -0.804952   -0.804612 0.000240416
           3   -0.807016   -0.805413 0.000673631
           4   -0.801168   -0.804352  0.00104884
           5    -0.80588   -0.804658 0.000882473
           6   -0.804584   -0.804645  0.00073548
           7    -0.80336   -0.804462  0.00065293
           8   -0.806064   -0.804662 0.000601248
           9   -0.802008   -0.804367 0.000602434
          10   -0.804632   -0.804394 0.000542772
          11   -0.801632   -0.804143 0.000548426
          12   -0.811664   -0.804769 0.000782851
          13     -0.8014    -0.80451 0.000764332
          14   -0.809016   -0.804832  0.00077454
          15   -0.801856   -0.804634 0.000747883
          16   -0.805768   -0.804704 0.000704493
          17   -0.805144    -0.80473 0.000663526
          18   -0.801776   -0.804566 0.000646645
          19   -0.805024    -0.80459  0.00061306
          20     -0.8082   -0.804771 0.000608394
