           1   -0.965304   -0.965304           0
           2   -0.981144   -0.973224  0.00560029
           3   -0.976552   -0.974333  0.00384182
           4   -0.971808   -0.973702  0.00293278
           5   -0.969624   -0.972886  0.00245702
           6     -0.9688   -0.972205  0.00213983
           7    -0.96656   -0.971399  0.00198029
           8   -0.975104   -0.971862  0.00178609
           9   -0.978328    -0.97258   0.0017261
          10   -0.971896   -0.972512  0.00155484
          11   -0.973624   -0.972613  0.00141678
          12    -0.97256   -0.972609  0.00129872
          13   -0.973112   -0.972647  0.00119939
          14   -0.964048   -0.972033  0.00126124
          15   -0.976048   -0.972301  0.00120522
          16   -0.975472   -0.972499  0.00114608
          17   -0.971832    -0.97246  0.00107933
          18    -0.97996   -0.972876  0.00109685
          19   -0.977192   -0.973104  0.00106238
          20     -0.9806   -0.973478  0.00107335
           1   -0.965656   -0.965656           0
           2   -0.981224    -0.97344  0.00550412
           3   -0.976536   -0.974472  0.00376492
           4   -0.971736   -0.973788  0.00288515
           5   -0.969752   -0.972981  0.00241841
           6   -0.968656    -0.97226  0.00212004
           7   -0.966568   -0.971447  0.00196694
           8   -0.975096   -0.971903  0.00177318
           9   -0.978312   -0.972615  0.00171319
          10   -0.971864    -0.97254  0.00154352
          11   -0.973616   -0.972638   0.0014063
          12   -0.972552   -0.972631  0.00128912
          13   -0.973136    -0.97267  0.00119054
          14   -0.963992    -0.97205  0.00125654
          15    -0.97612   -0.972321  0.00120171
          16   -0.975416   -0.972514  0.00114206
          17   -0.971976   -0.972483  0.00107532
          18   -0.979952   -0.972898  0.00109272
          19   -0.977104   -0.973119  0.00105739
          20   -0.980592   -0.973493   0.0010685
