           1     24.1276     24.1276           0
           2     23.3071     23.7174    0.290092
           3      25.787     24.4072    0.595543
           4     24.0712     24.3232    0.452543
           5     22.8228     24.0232    0.450677
           6     22.1111     23.7045    0.475051
           7     20.8031       23.29    0.559512
           8     23.5311     23.3201    0.490384
           9      25.914     23.6084    0.513652
          10     24.2937     23.6769    0.466837
          11     22.4355      23.564    0.437825
          12     28.3329     23.9614    0.553032
          13     22.8254     23.8741    0.517349
          14     24.9057     23.9477    0.485615
          15     24.7065     23.9983    0.455867
          16     22.2548     23.8894    0.440206
          17       24.97     23.9529    0.418876
          18     27.3468     24.1415     0.43598
          19     26.8832     24.2858    0.436262
          20     27.3954     24.4413    0.441285
           1      24.343      24.343           0
           2     23.3063     23.8247    0.366548
           3     25.8062     24.4852    0.592081
           4     24.0696     24.3813    0.453083
           5     22.8686     24.0787    0.452334
           6     22.1108     23.7508     0.48139
           7     20.8591     23.3377    0.562603
           8     23.4728     23.3546    0.492531
           9     25.9466     23.6426    0.515173
          10     24.2542     23.7037    0.467272
          11     22.4822     23.5927     0.43779
          12     28.3155     23.9862    0.550485
          13     22.7553     23.8915    0.516219
          14     24.8937     23.9631    0.484284
          15     24.6912     24.0117    0.454424
          16     22.2203     23.8997    0.439598
          17     24.9673     23.9625    0.418201
          18     27.3526     24.1508    0.435316
          19     26.9181     24.2965    0.436089
          20     27.3665       24.45    0.440472
