           1     10.0296     10.0296           0
           2     10.7645     10.3971    0.259816
           3     10.5933     10.4625    0.181259
           4     10.5728     10.4901    0.138025
           5     11.1316     10.6184    0.159261
           6     9.86644      10.493    0.175219
           7     9.64281     10.3716    0.187622
           8     9.26386     10.2331    0.209112
           9     11.1055     10.3301    0.207128
          10     10.4316     10.3402    0.186664
          11     9.98094     10.3075    0.172528
          12     10.8434     10.3522    0.163826
          13     9.35287     10.2753    0.168296
          14     10.7144     10.3067     0.15917
          15     10.8356     10.3419    0.152414
          16     10.7155     10.3653    0.144665
          17     11.0489     10.4055    0.141634
          18     10.2516      10.397    0.134023
          19     10.3389     10.3939    0.127004
          20     9.57423     10.3529    0.127094
           1     10.0456     10.0456           0
           2     10.7762     10.4109    0.258311
           3     10.6127     10.4782    0.180755
           4     10.5644     10.4997    0.136846
           5     11.1313      10.626    0.157327
           6     9.82955     10.4933    0.178533
           7      9.6508     10.3729    0.189298
           8     9.25564     10.2333    0.210956
           9     11.1366     10.3336    0.210043
          10     10.4456     10.3448    0.189337
          11     9.94802     10.3088    0.175527
          12     10.8731     10.3558    0.167082
          13     9.34047     10.2777    0.171515
          14     10.6987     10.3078    0.161879
          15     10.8452     10.3436    0.155002
          16     10.6861      10.365    0.146785
          17     11.0735     10.4067    0.143945
          18     10.2152      10.396     0.13634
          19     10.3118     10.3916    0.129237
          20     9.64596     10.3543     0.12804
