           1    0.425149    0.425149           0
           2    0.459299    0.442224    0.012074
           3    0.420628    0.435025  0.00996694
           4    0.467227    0.443076   0.0102219
           5    0.449953    0.444451  0.00826952
           6    0.429163    0.441903  0.00727324
           7    0.457005    0.444061  0.00654636
           8    0.426111    0.441817  0.00610045
           9    0.450089    0.442736  0.00549142
          10    0.445908    0.443053  0.00495143
          11    0.432443    0.442089   0.0045943
          12    0.440947    0.441993  0.00421243
          13    0.399607    0.438733  0.00499328
          14    0.432403    0.438281  0.00465704
          15    0.430647    0.437772  0.00437429
          16    0.447109    0.438355  0.00413964
          17     0.45445    0.439302  0.00400293
          18     0.43464    0.439043  0.00378892
          19    0.429844    0.438559  0.00362031
          20    0.421442    0.437703  0.00353901
           1    0.430202    0.430202           0
           2    0.453676    0.441939  0.00829951
           3     0.42189    0.435256  0.00777109
           4    0.466168    0.442984  0.00887466
           5    0.449105    0.444208  0.00718368
           6    0.428767    0.441635  0.00643087
           7    0.453387    0.443314  0.00572714
           8    0.414441    0.439705  0.00604233
           9    0.455652    0.441477  0.00562478
          10     0.44312    0.441641  0.00506471
          11    0.430374    0.440617  0.00470671
          12     0.43897    0.440479  0.00431649
          13     0.39976    0.437347  0.00499319
          14    0.431367     0.43692  0.00465477
          15    0.434039    0.436728  0.00434841
          16    0.449344    0.437516  0.00414751
          17    0.450633    0.438288  0.00397466
          18    0.438324     0.43829  0.00375384
          19    0.430007    0.437854   0.0035815
          20    0.428363     0.43738  0.00343372
