           1   -0.937296   -0.937296           0
           2   -0.941248   -0.939272  0.00139724
           3   -0.943304   -0.940616  0.00143941
           4   -0.932328   -0.938544  0.00209412
           5   -0.928352   -0.936506  0.00247602
           6   -0.926712   -0.934873  0.00254512
           7   -0.924272   -0.933359  0.00259327
           8   -0.930536   -0.933006    0.002293
           9   -0.934288   -0.933148  0.00204264
          10   -0.934272   -0.933261  0.00184146
          11   -0.935584   -0.933472  0.00168612
          12   -0.937664   -0.933821  0.00158139
          13   -0.931024   -0.933606  0.00147431
          14   -0.931288   -0.933441  0.00137827
          15   -0.936456   -0.933642  0.00130096
          16   -0.929136    -0.93336  0.00124976
          17   -0.936696   -0.933556  0.00119155
          18      -0.938   -0.933803  0.00115064
          19    -0.94316   -0.934296  0.00119081
          20   -0.935808   -0.934371  0.00113367
           1   -0.937664   -0.937664           0
           2   -0.941272   -0.939468  0.00127562
           3   -0.943128   -0.940688  0.00130976
           4   -0.932112   -0.938544   0.0021006
           5    -0.92856   -0.936547   0.0024523
           6   -0.926576   -0.934885  0.00254514
           7    -0.92428    -0.93337  0.00259357
           8   -0.930656   -0.933031  0.00229146
           9   -0.934256   -0.933167  0.00204089
          10   -0.934136   -0.933264   0.0018391
          11   -0.935656   -0.933481  0.00168472
          12   -0.937672   -0.933831   0.0015801
          13   -0.931016   -0.933614  0.00147331
          14   -0.930912   -0.933421  0.00138066
          15   -0.936752   -0.933643  0.00130635
          16   -0.929088   -0.933359  0.00125535
          17   -0.936648   -0.933552  0.00119632
          18    -0.93784    -0.93379  0.00115333
          19   -0.943224   -0.934287  0.00119474
          20   -0.935664   -0.934356  0.00113698
