           1    0.247244    0.247244           0
           2     0.25097    0.249107  0.00131749
           3    0.248762    0.248992 0.000883326
           4    0.246979    0.248489 0.000792965
           5    0.251832    0.249157  0.00087187
           6    0.241263    0.247842  0.00140372
           7    0.245364    0.247488  0.00124702
           8    0.244163    0.247072  0.00115835
           9    0.248912    0.247277  0.00104753
          10    0.246155    0.247164 0.000948756
          11    0.248423    0.247279 0.000869377
          12    0.249652    0.247477 0.000819106
          13      0.2439    0.247201  0.00080097
          14    0.242181    0.246843  0.00082012
          15    0.253979    0.247319 0.000892849
          16    0.250649    0.247527 0.000860972
          17    0.247064      0.2475 0.000810756
          18    0.243084    0.247254 0.000801962
          19    0.248996    0.247346 0.000764975
          20    0.248181    0.247388 0.000727865
           1    0.243918    0.243918           0
           2    0.248825    0.246371  0.00173481
           3    0.246774    0.246506  0.00116172
           4    0.246241    0.246439 0.000873176
           5    0.250597    0.247271  0.00102031
           6    0.247947    0.247383 0.000856451
           7    0.244955    0.247036 0.000801299
           8    0.245573    0.246854 0.000721711
           9    0.247548    0.246931 0.000645632
          10    0.253679    0.247606 0.000864605
          11    0.248874    0.247721 0.000793657
          12    0.247241    0.247681 0.000728524
          13    0.240424    0.247123 0.000860175
          14    0.244893    0.246963 0.000813339
          15    0.253462    0.247397  0.00086687
          16    0.249958    0.247557 0.000827338
          17    0.248794     0.24763 0.000781864
          18    0.241737    0.247302 0.000804049
          19    0.250694    0.247481 0.000781292
          20    0.244863     0.24735 0.000753107
