           1    0.049384    0.049384           0
           2    0.052376     0.05088  0.00105783
           3    0.036748   0.0461693  0.00391036
           4    0.041676    0.045046  0.00308991
           5    0.041376    0.044312  0.00255762
           6    0.050008   0.0452613   0.0023008
           7    0.042308   0.0448394  0.00201043
           8    0.058468    0.046543  0.00237358
           9    0.046152   0.0464996  0.00211025
          10    0.044988   0.0463484  0.00190463
          11     0.02996   0.0448585  0.00223962
          12    0.038516     0.04433  0.00211444
          13    0.042296   0.0441735  0.00195757
          14    0.054196   0.0448894  0.00194424
          15    0.049584   0.0452024  0.00183964
          16    0.033084    0.044445  0.00187411
          17    0.029036   0.0435386  0.00197091
          18    0.045368   0.0436402  0.00186403
          19    0.048212   0.0438808  0.00178139
          20    0.037736   0.0435736  0.00171861
           1     0.05084     0.05084           0
           2    0.051456    0.051148 0.000217789
           3    0.036788   0.0463613  0.00391099
           4    0.042728    0.045453  0.00303689
           5    0.042016   0.0447656   0.0025061
           6     0.05228    0.046018  0.00238088
           7    0.042772   0.0455543  0.00208542
           8     0.05934   0.0472775  0.00243474
           9     0.04736   0.0472867  0.00216423
          10    0.046272   0.0471852  0.00195019
          11     0.03008   0.0456302  0.00231115
          12    0.038884    0.045068  0.00218586
          13     0.04358   0.0449535  0.00202071
          14    0.054376   0.0456266   0.0019853
          15    0.049376   0.0458765  0.00186861
          16    0.032272   0.0450262  0.00193564
          17    0.030352   0.0441631  0.00200503
          18    0.044992   0.0442091  0.00189417
          19    0.049028   0.0444627  0.00181137
          20    0.039112   0.0441952  0.00174045
