           1     4.31737     4.31737           0
           2     4.63716     4.47726    0.113064
           3     4.31061     4.42171   0.0879701
           4     4.23731     4.37561   0.0771172
           5     4.35625     4.37174    0.061791
           6     4.46525     4.38732   0.0534219
           7     4.56878     4.41325   0.0516983
           8     4.34581     4.40482    0.045918
           9     4.10876     4.37192   0.0512622
          10     4.28695     4.36343   0.0468349
          11     4.34167     4.36145   0.0426189
          12      4.3914     4.36394   0.0391404
          13     4.54331     4.37774   0.0384846
          14     4.56687     4.39125    0.038033
          15     4.29483     4.38482   0.0360366
          16     4.79853     4.41068   0.0420495
          17     4.30544     4.40449   0.0400291
          18     4.48289     4.40884   0.0380414
          19     4.54785     4.41616   0.0367361
          20      4.5051     4.42061   0.0351674
           1     4.31797     4.31797           0
           2     4.60827     4.46312    0.102639
           3     4.32988     4.41871   0.0774412
           4     4.21395     4.36752   0.0730655
           5       4.342     4.36241   0.0586304
           6     4.44395       4.376   0.0504088
           7     4.53773     4.39911   0.0482125
           8     4.33166     4.39068   0.0429167
           9      4.1063     4.35908    0.048402
          10     4.30822     4.35399   0.0438282
          11     4.35038     4.35366    0.039845
          12     4.38466     4.35625   0.0366082
          13     4.52369     4.36913   0.0359867
          14     4.55842     4.38265   0.0358664
          15     4.32773     4.37899   0.0336617
          16     4.77183     4.40354   0.0395103
          17     4.31524     4.39835    0.037526
          18     4.47429     4.40256   0.0356776
          19     4.56282       4.411   0.0347826
          20     4.53441     4.41717   0.0335863
