           1    0.060216    0.060216           0
           2    0.089272    0.074744   0.0102728
           3    0.074128   0.0745387  0.00685062
           4    0.074996    0.074653  0.00513892
           5    0.047932   0.0693088  0.00630474
           6    0.063296   0.0683067    0.005333
           7    0.069756   0.0685137  0.00457516
           8    0.062348    0.067743  0.00406767
           9    0.084396   0.0695933  0.00401455
          10     0.06138    0.068772  0.00369616
          11      0.0782   0.0696291  0.00345809
          12    0.083168   0.0707573  0.00334891
          13    0.084884    0.071844  0.00326285
          14     0.05586   0.0707023  0.00322336
          15    0.050216   0.0693365  0.00328509
          16    0.077588   0.0698523  0.00311999
          17     0.06966   0.0698409  0.00293648
          18    0.079256    0.070364  0.00281954
          19    0.066036   0.0701362  0.00268033
          20    0.082056   0.0707322  0.00261173
           1    0.059732    0.059732           0
           2     0.08816    0.073946   0.0100508
           3    0.073616    0.073836  0.00670115
           4    0.075548    0.074264  0.00503951
           5    0.049152   0.0692416  0.00603601
           6    0.063592      0.0683  0.00510293
           7    0.070536   0.0686194  0.00438392
           8    0.062192    0.067816  0.00390886
           9    0.084436   0.0696627  0.00388635
          10    0.062204   0.0689168  0.00356857
          11    0.078684   0.0698047   0.0033528
          12    0.081932   0.0708153  0.00322211
          13    0.084664   0.0718806  0.00314543
          14    0.056392   0.0707743  0.00310924
          15     0.05106     0.06946  0.00316758
          16    0.077224   0.0699452  0.00300654
          17     0.07028   0.0699649  0.00282975
          18    0.080448   0.0705473  0.00273182
          19    0.066828   0.0703516  0.00259504
          20    0.082324   0.0709502  0.00253339
