           1    -0.71628    -0.71628           0
           2   -0.724888   -0.720584  0.00304339
           3   -0.724928   -0.722032  0.00234826
           4   -0.719888   -0.721496  0.00182134
           5   -0.719136   -0.721024    0.001517
           6   -0.721792   -0.721152  0.00126956
           7    -0.72028   -0.721027  0.00109429
           8   -0.722496   -0.721211 0.000972775
           9   -0.720728   -0.721157 0.000866168
          10   -0.723984    -0.72144 0.000824385
          11   -0.717952   -0.721123 0.000808126
          12   -0.719384   -0.720978 0.000753663
          13   -0.721424   -0.721012 0.000696469
          14     -0.7222   -0.721097 0.000651867
          15   -0.719184    -0.72097 0.000620762
          16   -0.718528   -0.720817 0.000600428
          17   -0.718392   -0.720674 0.000581806
          18   -0.720648   -0.720673 0.000549486
          19   -0.719864    -0.72063 0.000522212
          20   -0.721072   -0.720652 0.000496568
           1   -0.715768   -0.715768           0
           2   -0.724648   -0.720208  0.00313955
           3   -0.724784   -0.721733  0.00243555
           4    -0.72016    -0.72134  0.00185815
           5   -0.720072   -0.721086  0.00150373
           6   -0.721312   -0.721124  0.00125358
           7   -0.720408   -0.721022  0.00107866
           8   -0.722648   -0.721225 0.000962791
           9   -0.720664   -0.721163  0.00085783
          10    -0.72348   -0.721394 0.000802737
          11   -0.718416   -0.721124 0.000774079
          12   -0.720056   -0.721035 0.000714667
          13   -0.720896   -0.721024 0.000659773
          14   -0.721712   -0.721073 0.000614474
          15   -0.719216   -0.720949 0.000585849
          16   -0.718128   -0.720773 0.000575159
          17   -0.719136   -0.720677 0.000549327
          18   -0.720432   -0.720663 0.000518977
          19   -0.720912   -0.720676 0.000491828
          20   -0.721768   -0.720731 0.000470257
