           1     0.44414     0.44414           0
           2    0.423695    0.433917  0.00722849
           3    0.429195    0.432343  0.00498745
           4    0.404936    0.425491  0.00701442
           5    0.411467    0.422687   0.0061468
           6    0.489121    0.433759   0.0113315
           7    0.446532    0.435584  0.00985851
           8     0.39036    0.429931   0.0101179
           9    0.408091    0.427504  0.00928017
          10    0.417576    0.426511  0.00840508
          11    0.472225    0.430667  0.00860727
          12     0.39542     0.42773  0.00837619
          13    0.441432    0.428784  0.00779791
          14    0.373858    0.424861  0.00816843
          15    0.435367    0.425561  0.00765384
          16    0.381652    0.422817  0.00765166
          17    0.450617    0.424452  0.00737425
          18    0.409044    0.423596  0.00701407
          19    0.426213    0.423734  0.00664626
          20    0.421115    0.423603  0.00631524
           1    0.439153    0.439153           0
           2    0.424531    0.431842  0.00516979
           3    0.428019    0.430568  0.00360018
           4    0.403447    0.423788  0.00646283
           5    0.407601     0.42055  0.00592587
           6    0.489461    0.432035   0.0115891
           7    0.446434    0.434092   0.0101144
           8    0.390451    0.428637   0.0102158
           9    0.410173    0.426586  0.00928445
          10    0.417135     0.42564  0.00840397
          11     0.47289    0.429936  0.00866848
          12    0.392981    0.426856  0.00847551
          13    0.443679     0.42815  0.00792172
          14     0.37884    0.424628  0.00810114
          15    0.434624    0.425295  0.00758842
          16    0.382662     0.42263   0.0075675
          17    0.449773    0.424227  0.00728884
          18    0.411441    0.423516  0.00691843
          19    0.425979    0.423646  0.00655551
          20    0.419967    0.423462  0.00623032
