           1       1.836       1.836           0
           2     1.95188     1.89394   0.0409723
           3     1.91264     1.90017    0.027785
           4     1.86411     1.89116   0.0222536
           5     1.87434     1.88779   0.0180553
           6     1.90652     1.89091   0.0153134
           7     1.91064     1.89373   0.0133827
           8     1.86196     1.88976   0.0122849
           9     1.99221     1.90114   0.0153111
          10     1.85872      1.8969   0.0143556
          11     1.86581     1.89408   0.0133259
          12     1.80142     1.88635   0.0142781
          13     1.82258     1.88145   0.0139973
          14     1.89736     1.88259   0.0130435
          15     1.92386     1.88534   0.0124609
          16     1.84101     1.88257   0.0119861
          17     1.92213     1.88489   0.0115048
          18     1.87719     1.88447   0.0108736
          19     1.85326     1.88282   0.0104246
          20     1.91493     1.88443   0.0100262
           1      1.8466      1.8466           0
           2     1.92914     1.88787    0.029181
           3     1.91033     1.89536   0.0203917
           4     1.86984     1.88898   0.0162607
           5     1.88536     1.88826   0.0130246
           6     1.93319     1.89574   0.0128276
           7      1.9242     1.89981   0.0116213
           8     1.83169     1.89129   0.0129167
           9     1.96941     1.89997   0.0140991
          10      1.8823     1.89821   0.0127995
          11      1.8708     1.89571    0.011876
          12     1.83168     1.89038   0.0120257
          13     1.82141     1.88507   0.0122149
          14     1.91409     1.88715    0.011517
          15      1.9262     1.88975   0.0110396
          16     1.82903     1.88595   0.0109826
          17     1.89733     1.88662   0.0103569
          18     1.89155      1.8869  0.00978517
          19     1.86311     1.88564   0.0093499
          20     1.91916     1.88732  0.00903131
