           1    -0.50336    -0.50336           0
           2   -0.506776   -0.505068  0.00120774
           3    -0.50456   -0.504899 0.000816944
           4    -0.49984   -0.503634  0.00125497
           5   -0.502776   -0.503462  0.00101564
           6   -0.504992   -0.503717 0.000877778
           7   -0.508032   -0.504334 0.000944314
           8   -0.505728   -0.504508 0.000842204
           9   -0.504952   -0.504557 0.000750069
          10    -0.50412   -0.504514 0.000676336
          11   -0.503832   -0.504452 0.000617683
          12   -0.501664   -0.504219 0.000608326
          13    -0.50568   -0.504332 0.000571814
          14   -0.506464   -0.504484 0.000550881
          15     -0.5052   -0.504532  0.00051622
          16   -0.503888   -0.504492 0.000485521
          17   -0.505224   -0.504535 0.000458869
          18   -0.504712   -0.504544 0.000433482
          19    -0.50652   -0.504648 0.000422954
          20   -0.501216   -0.504477 0.000435235
           1   -0.503616   -0.503616           0
           2    -0.50636   -0.504988 0.000970151
           3   -0.503624   -0.504533 0.000745736
           4    -0.50064    -0.50356  0.00101161
           5   -0.502752   -0.503398 0.000822093
           6   -0.505632   -0.503771 0.000764733
           7   -0.508304   -0.504418 0.000888344
           8   -0.505544   -0.504559 0.000788367
           9    -0.50632   -0.504755 0.000724646
          10   -0.502264   -0.504506 0.000693665
          11   -0.504792   -0.504532 0.000631093
          12   -0.502232    -0.50434 0.000606901
          13   -0.505752   -0.504449 0.000569852
          14   -0.504904   -0.504481 0.000530076
          15   -0.504512   -0.504483 0.000494742
          16   -0.504104    -0.50446 0.000464388
          17   -0.503864   -0.504424  0.00043839
          18     -0.5034   -0.504368 0.000417713
          19    -0.50684   -0.504498 0.000415503
          20   -0.502152    -0.50438 0.000410948
