           1    0.132208    0.132208           0
           2    0.136628    0.134418  0.00156271
           3     0.13458    0.134472  0.00104274
           4    0.150632    0.138512  0.00358508
           5     0.12452    0.135714  0.00380666
           6    0.127356    0.134321  0.00341758
           7    0.146644    0.136081  0.00335226
           8    0.156664    0.138654   0.0037942
           9    0.140944    0.138908  0.00338114
          10     0.14112     0.13913  0.00305025
          11       0.158    0.140845  0.00321942
          12    0.138984     0.14069  0.00295487
          13    0.160264    0.142196  0.00308745
          14      0.1696    0.144153  0.00343179
          15    0.119344    0.142499  0.00357944
          16    0.127488    0.141561   0.0034765
          17     0.15012    0.142064  0.00330826
          18    0.137224    0.141796  0.00313538
          19    0.114188    0.140343  0.00328986
          20    0.143736    0.140512  0.00312974
           1    0.133428    0.133428           0
           2    0.136244    0.134836 0.000995606
           3    0.135632    0.135101 0.000698199
           4     0.15066    0.138991  0.00340901
           5    0.123688     0.13593  0.00386413
           6    0.128496    0.134691  0.00341299
           7    0.147132    0.136469   0.0033564
           8      0.1568     0.13901  0.00377844
           9    0.141044    0.139236  0.00336536
          10    0.141432    0.139456  0.00303598
          11    0.158372    0.141175  0.00321029
          12     0.13834    0.140939  0.00295145
          13    0.159856    0.142394  0.00306219
          14     0.17056    0.144406  0.00344147
          15    0.119532    0.142748  0.00358939
          16    0.126944     0.14176  0.00349831
          17    0.150104    0.142251  0.00332678
          18    0.136096    0.141909  0.00315949
          19    0.114536    0.140468  0.00330538
          20    0.144196    0.140655  0.00314536
