           1     3.62292     3.62292           0
           2     3.50866     3.56579   0.0403965
           3     3.56762      3.5664   0.0269356
           4     3.59303     3.57306   0.0210083
           5     3.58682     3.57581   0.0169862
           6     3.45796     3.55617   0.0228446
           7     3.52849     3.55221   0.0199203
           8     3.47391     3.54243   0.0196887
           9       3.391      3.5256   0.0236201
          10     3.33109     3.50615   0.0281499
          11     3.75052     3.52836   0.0332196
          12     3.60134     3.53445   0.0310028
          13     3.54469     3.53523    0.028628
          14     3.62402     3.54158   0.0272766
          15     3.38111     3.53088   0.0274758
          16     3.77574     3.54618   0.0297165
          17     3.67617     3.55383   0.0289354
          18     3.44398     3.54772   0.0279641
          19     3.75826     3.55881   0.0286035
          20     3.52652     3.55719   0.0272189
           1     3.65078     3.65078           0
           2     3.48796     3.56937    0.057565
           3     3.58343     3.57405    0.038567
           4     3.62427     3.58661   0.0309011
           5      3.5751     3.58431   0.0248065
           6     3.43848        3.56   0.0303246
           7     3.52258     3.55465   0.0264596
           8     3.46164     3.54303   0.0255793
           9     3.37572     3.52444   0.0287084
          10     3.35521     3.50752    0.030419
          11     3.74593     3.52919    0.034522
          12      3.6372     3.53819   0.0327976
          13     3.52153     3.53691   0.0302997
          14     3.61679     3.54261   0.0286676
          15     3.39455     3.53274    0.028405
          16     3.76457     3.54723   0.0300991
          17     3.67543     3.55477    0.029258
          18     3.43866     3.54832   0.0283348
          19     3.74614     3.55874   0.0286926
          20      3.5384     3.55772    0.027276
