           1    0.308763    0.308763           0
           2    0.317439    0.313101  0.00306732
           3    0.313553    0.313251  0.00204857
           4    0.320456    0.315053  0.00218945
           5    0.319604    0.315963  0.00193155
           6     0.30733    0.314524  0.00207754
           7    0.308413    0.313651  0.00195557
           8    0.317352    0.314114  0.00176501
           9    0.309667     0.31362  0.00163659
          10    0.314318    0.313689  0.00147442
          11    0.322632    0.314502  0.00154837
          12    0.313406    0.314411  0.00142203
          13    0.323869    0.315139  0.00148715
          14    0.320788    0.315542  0.00143462
          15    0.311616     0.31528  0.00136265
          16    0.322238    0.315715  0.00134508
          17    0.324568    0.316236  0.00136303
          18    0.311641    0.315981  0.00131099
          19    0.314695    0.315913  0.00124374
          20    0.315541    0.315894  0.00118169
           1    0.311573    0.311573           0
           2    0.315789    0.313681  0.00149063
           3     0.31889    0.315417  0.00173135
           4    0.322532    0.317196  0.00201468
           5    0.317365     0.31723  0.00161203
           6    0.312361    0.316418  0.00153403
           7    0.313329    0.315977  0.00137689
           8    0.316632    0.316059  0.00120722
           9    0.308346    0.315202  0.00134327
          10     0.31442    0.315124  0.00121122
          11    0.316486    0.315247  0.00110742
          12      0.3126    0.315027  0.00103688
          13     0.32047    0.315446  0.00103821
          14     0.32325    0.316003   0.0011036
          15    0.315957       0.316  0.00103003
          16    0.324462    0.316529  0.00109305
          17    0.329779    0.317308  0.00127676
          18    0.313591    0.317102  0.00122241
          19    0.315692    0.317028  0.00116033
          20    0.306259    0.316489  0.00122086
