           1     5.38497     5.38497           0
           2     6.00082     5.69289    0.217737
           3     5.71916     5.70165    0.145334
           4     5.90022     5.75129    0.117173
           5     5.78417     5.75787   0.0939225
           6     5.77113     5.76008   0.0782947
           7     5.44055     5.71443   0.0793074
           8     5.44829     5.68116    0.076052
           9     5.22394     5.63036     0.08285
          10     5.36255     5.60358   0.0787748
          11     5.42036     5.58692   0.0733532
          12     5.68392     5.59501   0.0676843
          13     5.44256     5.58328   0.0634855
          14     5.77787     5.59718   0.0604532
          15     5.67463     5.60234   0.0566431
          16     5.53466     5.59811   0.0532606
          17     5.47236     5.59072   0.0506386
          18     5.97859     5.61226   0.0522093
          19     5.57625     5.61037   0.0494958
          20     5.56655     5.60818   0.0470695
           1     5.36127     5.36127           0
           2     5.96415     5.66271    0.213153
           3     5.73106     5.68549    0.143314
           4     5.93237     5.74721    0.120042
           5     5.80406     5.75858   0.0965708
           6      5.7718     5.76079   0.0805008
           7     5.48305     5.72111   0.0781694
           8     5.44271     5.68631   0.0757496
           9     5.26473     5.63947   0.0805241
          10     5.33965     5.60948   0.0778534
          11     5.40513     5.59091   0.0729587
          12     5.69943     5.59995    0.067437
          13     5.42054     5.58615   0.0636461
          14     5.75705     5.59836   0.0602592
          15     5.66418     5.60274   0.0564015
          16     5.52704     5.59801   0.0530745
          17     5.48646     5.59145   0.0503565
          18     5.94143     5.61089    0.051175
          19     5.58132     5.60934   0.0485052
          20     5.58039     5.60789   0.0461015
