           1    0.673552    0.673552           0
           2     0.66716    0.670356  0.00225991
           3    0.298536    0.546416    0.101208
           4    0.584404    0.555913   0.0763501
           5    0.659112    0.576553   0.0638089
           6    0.626628    0.584899   0.0537171
           7    0.544024    0.579059   0.0463595
           8    0.612264     0.58321     0.04075
           9    0.551196    0.579653   0.0363771
          10    0.605924     0.58228   0.0328341
          11    0.788152    0.600996   0.0347765
          12     0.65446    0.605451   0.0321626
          13    0.658544    0.609535   0.0299468
          14    0.686628    0.615042   0.0283095
          15     0.64348    0.616938   0.0264856
          16    0.749608    0.625229   0.0260959
          17    0.708268    0.630114   0.0250139
          18     0.78596    0.638772   0.0250779
          19    0.677252    0.640797   0.0238396
          20    0.755604    0.646538   0.0233285
           1     0.67738     0.67738           0
           2     0.66706     0.67222  0.00364867
           3    0.298608    0.547683    0.101713
           4    0.584356    0.556851   0.0766971
           5    0.658888    0.577258   0.0640151
           6    0.626012    0.585384   0.0538592
           7    0.544172    0.579497   0.0464857
           8    0.612372    0.583606   0.0408562
           9    0.550452    0.579922   0.0364823
          10      0.6061     0.58254   0.0329279
          11    0.788672    0.601279   0.0348613
          12      0.6543    0.605698   0.0322349
          13     0.65836    0.609749   0.0300088
          14    0.686296    0.615216    0.028359
          15    0.643968    0.617133   0.0265331
          16     0.74982    0.625426   0.0261387
          17    0.708496    0.630312   0.0250537
          18    0.785744    0.638948   0.0251059
          19    0.677384    0.640971   0.0238659
          20     0.75524    0.646684   0.0233465
