           1    0.437688    0.437688           0
           2    0.461773     0.44973  0.00851523
           3    0.435306    0.444922  0.00690207
           4    0.476445    0.452803  0.00856593
           5    0.440455    0.450333  0.00719991
           6     0.43442    0.447681  0.00647004
           7    0.472543    0.451233  0.00644733
           8    0.430264    0.448612  0.00615117
           9    0.464105    0.450333   0.0057035
          10    0.455198     0.45082  0.00515385
          11    0.455163    0.451214  0.00470042
          12    0.437707    0.450089  0.00444145
          13    0.431096    0.448628  0.00433342
          14    0.432385    0.447468  0.00417632
          15    0.448669    0.447548  0.00389867
          16    0.480894    0.449632  0.00417506
          17    0.448731    0.449579  0.00392981
          18    0.432445    0.448627  0.00382503
          19    0.439479    0.448146  0.00365389
          20     0.44688    0.448082  0.00347174
           1    0.441028    0.441028           0
           2     0.45555    0.448289  0.00513449
           3    0.436894    0.444491  0.00461903
           4    0.476403    0.452469  0.00772905
           5    0.441602    0.450295  0.00648159
           6    0.436257    0.447956  0.00580828
           7    0.469035    0.450967  0.00570602
           8     0.43388    0.448831  0.00537771
           9    0.463495    0.450461  0.00502095
          10    0.454924    0.450907  0.00453866
          11     0.45213    0.451018  0.00412741
          12    0.438327    0.449961  0.00391661
          13    0.431037    0.448505  0.00387642
          14    0.443086    0.448118  0.00361881
          15    0.449415    0.448204  0.00337859
          16      0.4827     0.45036  0.00379347
          17    0.443759    0.449972  0.00359014
          18     0.43169    0.448956  0.00353143
          19    0.445098    0.448753   0.0033514
          20     0.44622    0.448627  0.00318622
