           1    0.039852    0.039852           0
           2    0.049344    0.044598  0.00335593
           3    0.032588   0.0405947  0.00396105
           4    0.031996    0.038445   0.0035059
           5    0.040672   0.0388904  0.00283288
           6    0.034608   0.0381767  0.00244899
           7    0.030976    0.037148  0.00230507
           8    0.043656   0.0379615  0.00215571
           9    0.033652   0.0374827  0.00196865
          10    0.037168   0.0374512  0.00177204
          11     0.04526   0.0381611  0.00174736
          12     0.02668   0.0372043  0.00184518
          13    0.040588   0.0374646  0.00172151
          14    0.043932   0.0379266  0.00165936
          15    0.041672   0.0381763  0.00156741
          16    0.042224   0.0384292  0.00148973
          17    0.028856   0.0378661  0.00150477
          18     0.03058   0.0374613  0.00147461
          19    0.029984   0.0370678  0.00144856
          20    0.022672    0.036348  0.00154465
           1     0.03994     0.03994           0
           2     0.04946      0.0447  0.00336583
           3    0.033132    0.040844   0.0038662
           4    0.034084    0.039154  0.00324808
           5    0.041184     0.03956  0.00262372
           6    0.034844    0.038774  0.00230116
           7    0.031008   0.0376646  0.00222383
           8    0.044284    0.038492  0.00209414
           9     0.03466   0.0380662  0.00190425
          10    0.037384    0.037998  0.00171504
          11    0.046792   0.0387975  0.00173549
          12    0.025052    0.037652  0.00193225
          13     0.04092   0.0379034  0.00179989
          14    0.043964   0.0383363   0.0017226
          15       0.042   0.0385805  0.00162498
          16    0.039916    0.038664  0.00152556
          17    0.029548   0.0381278  0.00152716
          18    0.030296   0.0376927  0.00150302
          19    0.030328   0.0373051  0.00147305
          20    0.023216   0.0366006  0.00155877
