           1     3.06899     3.06899           0
           2     2.85475     2.96187   0.0757433
           3     2.96966     2.96447     0.05054
           4     2.92379      2.9543   0.0389148
           5     2.91069     2.94558   0.0320943
           6     2.94134     2.94487    0.026753
           7      3.0658     2.96215    0.027958
           8     2.88802     2.95288   0.0259534
           9      2.9406     2.95152   0.0231055
          10     2.69958     2.92632    0.031681
          11     2.99818     2.93285   0.0294668
          12     3.02252     2.94033   0.0279426
          13     2.94945     2.94103   0.0258019
          14     2.90552     2.93849   0.0240833
          15     2.91132     2.93668   0.0225458
          16     3.06237     2.94454   0.0224636
          17      2.8096      2.9366   0.0225009
          18     2.91042     2.93514   0.0212978
          19     2.89614     2.93309   0.0202755
          20     2.95893     2.93438   0.0193029
           1     3.06743     3.06743           0
           2      2.8607     2.96407   0.0730886
           3     2.98763     2.97192   0.0491459
           4     2.94006     2.96396   0.0374992
           5     2.93745     2.95865   0.0303717
           6     2.94081     2.95568    0.025455
           7     3.08918     2.97475   0.0280681
           8     2.88793      2.9639   0.0265752
           9     2.94363     2.96165   0.0237176
          10      2.7015     2.93563   0.0326305
          11     2.97616     2.93932   0.0298714
          12     3.04725     2.94831   0.0287042
          13     2.92111     2.94622   0.0265723
          14     2.89209     2.94235    0.024954
          15     2.92502      2.9412   0.0233172
          16     3.08809     2.95038   0.0235982
          17     2.83769     2.94375   0.0231223
          18     2.91043      2.9419   0.0219117
          19     2.90022      2.9397   0.0208679
          20     2.96852     2.94115   0.0198742
