           1     1.55047     1.55047           0
           2     1.49381     1.52214   0.0200327
           3     1.46647     1.50358   0.0201971
           4     1.46281     1.49339   0.0175318
           5     1.48954     1.49262   0.0140423
           6     1.51657     1.49661   0.0122563
           7     1.59725     1.51099   0.0169564
           8     1.48492     1.50773   0.0151467
           9     1.53379     1.51062   0.0137377
          10     1.49834      1.5094   0.0124187
          11     1.46857     1.50568   0.0118314
          12      1.4501     1.50105   0.0117171
          13     1.56658     1.50609   0.0118505
          14     1.48441     1.50454   0.0111048
          15     1.50936     1.50487   0.0103691
          16     1.51137     1.50527  0.00972901
          17      1.5304     1.50675  0.00926831
          18     1.54061     1.50863  0.00894222
          19     1.51683     1.50906  0.00848199
          20     1.46885     1.50705  0.00829282
           1     1.52628     1.52628           0
           2     1.48186     1.50407   0.0157067
           3     1.45303     1.48706   0.0173953
           4     1.45316     1.47858   0.0149688
           5     1.50217      1.4833   0.0126968
           6     1.51184     1.48806   0.0114367
           7     1.61059     1.50556   0.0189403
           8     1.50042     1.50492   0.0165837
           9     1.52616     1.50728    0.014908
          10     1.47875     1.50443   0.0136876
          11     1.46879     1.50119   0.0128209
          12      1.4505     1.49696   0.0124288
          13      1.5776     1.50317   0.0129282
          14     1.49031     1.50225   0.0120374
          15     1.49353     1.50167   0.0112489
          16     1.52697     1.50325   0.0106564
          17     1.52227     1.50437   0.0100881
          18     1.53578     1.50611  0.00967745
          19      1.5068     1.50615  0.00916817
          20     1.47684     1.50468  0.00882608
