           1    0.193156    0.193156           0
           2      0.1936    0.193378 0.000156978
           3    0.157484    0.181413  0.00976967
           4    0.233652    0.194473   0.0134761
           5    0.165196    0.188618   0.0119856
           6     0.21894    0.193671    0.011002
           7    0.171904    0.190562  0.00985996
           8    0.205944    0.192485  0.00881296
           9    0.217128    0.195223  0.00824815
          10    0.223988    0.198099  0.00790904
          11    0.175536    0.196048  0.00745128
          12    0.233128    0.199138  0.00744352
          13    0.224488    0.201088  0.00712178
          14     0.21692    0.202219  0.00670227
          15    0.141372    0.198162  0.00738163
          16    0.200076    0.198282  0.00692125
          17    0.220864     0.19961  0.00664036
          18    0.206008    0.199966  0.00628096
          19    0.134632    0.196527  0.00682707
          20    0.207536    0.197078  0.00650787
           1    0.194224    0.194224           0
           2    0.194244    0.194234 7.07107e-06
           3    0.157716    0.182061  0.00993894
           4    0.233168    0.194838   0.0133416
           5    0.165256    0.188922   0.0119131
           6    0.218356    0.193827   0.0108909
           7    0.171504    0.190638  0.00979084
           8    0.206356    0.192603  0.00876189
           9    0.217608    0.195381  0.00821705
          10     0.22402    0.198245  0.00787862
          11    0.175392    0.196168  0.00743126
          12    0.232092    0.199161  0.00739043
          13     0.22348    0.201032  0.00705472
          14    0.216504    0.202137  0.00663681
          15    0.141612    0.198102  0.00731887
          16     0.19974    0.198205  0.00686216
          17    0.220852    0.199537  0.00658655
          18    0.206292    0.199912  0.00623131
          19    0.136352    0.196567  0.00674176
          20     0.20764     0.19712  0.00642737
