           1    0.358713    0.358713           0
           2    0.383469    0.371091   0.0087525
           3    0.364549     0.36891  0.00610062
           4    0.378034    0.371191   0.0049837
           5    0.369983     0.37095  0.00399281
           6    0.371084    0.370972  0.00332741
           7    0.355288    0.368731  0.00352668
           8    0.360058    0.367647  0.00324823
           9    0.359767    0.366772  0.00300299
          10    0.368212    0.366916  0.00270615
          11    0.368854    0.367092  0.00246587
          12    0.349444    0.365621  0.00266306
          13    0.369704    0.365935  0.00247666
          14    0.362444    0.365686  0.00231228
          15    0.358719    0.365221  0.00220429
          16    0.370334    0.365541  0.00208955
          17    0.373473    0.366008  0.00201805
          18    0.373212    0.366408  0.00194523
          19    0.370817     0.36664  0.00185664
          20    0.362705    0.366443   0.0017742
           1    0.367482    0.367482           0
           2    0.383483    0.375483  0.00565706
           3    0.366285    0.372417  0.00452648
           4    0.377654    0.373726  0.00357922
           5    0.370262    0.373033  0.00292964
           6    0.368947    0.372352  0.00251927
           7    0.349917    0.369147  0.00366983
           8    0.366261    0.368787  0.00322879
           9    0.356822    0.367457  0.00313178
          10    0.372013    0.367913  0.00285155
          11    0.361089    0.367292  0.00265893
          12    0.350012    0.365852   0.0028003
          13    0.363087     0.36564  0.00259296
          14     0.36715    0.365748  0.00240999
          15    0.356682    0.365143  0.00232388
          16    0.371357    0.365532  0.00221084
          17     0.37619    0.366158  0.00216787
          18    0.378429     0.36684  0.00215194
          19    0.374035    0.367219  0.00207173
          20    0.359521    0.366834  0.00200358
