           1   -0.461072   -0.461072           0
           2   -0.464176   -0.462624  0.00109743
           3   -0.461696   -0.462315 0.000773989
           4    -0.45804   -0.461246  0.00109248
           5   -0.459968    -0.46099 0.000903388
           6   -0.462968    -0.46132 0.000810724
           7   -0.462848   -0.461538 0.000723696
           8    -0.46156   -0.461541 0.000633239
           9   -0.465184   -0.461946 0.000680054
          10   -0.461416   -0.461893 0.000614108
          11   -0.461584   -0.461865 0.000558922
          12   -0.461976   -0.461874 0.000512422
          13   -0.463024   -0.461962  0.00048058
          14   -0.464712   -0.462159 0.000484724
          15    -0.46508   -0.462354  0.00048997
          16   -0.463104   -0.462401 0.000461586
          17    -0.46172    -0.46236 0.000436166
          18   -0.463656   -0.462432 0.000417831
          19   -0.460896   -0.462352 0.000403589
          20    -0.46016   -0.462242 0.000398008
           1   -0.461768   -0.461768           0
           2   -0.463496   -0.462632  0.00061094
           3   -0.462008   -0.462424 0.000441283
           4   -0.458624   -0.461474 0.000886798
           5   -0.459872   -0.461154 0.000765133
           6    -0.46316   -0.461488 0.000706918
           7    -0.46228   -0.461601 0.000614918
           8    -0.46152   -0.461591 0.000538136
           9   -0.465264   -0.461999  0.00061389
          10   -0.459352   -0.461734 0.000606896
          11   -0.463944   -0.461935 0.000584021
          12   -0.461304   -0.461883 0.000537716
          13   -0.465256   -0.462142 0.000555447
          14   -0.463304   -0.462225 0.000521935
          15   -0.464448   -0.462373 0.000507741
          16   -0.464696   -0.462518 0.000496326
          17   -0.460592   -0.462405 0.000479893
          18     -0.4626   -0.462416 0.000453354
          19    -0.46192    -0.46239 0.000430244
          20   -0.459616   -0.462251 0.000430507
