           1     46.7174     46.7174           0
           2     49.9722     48.3448     1.15076
           3     50.3047     48.9981    0.934388
           4     40.8967     46.9727     1.88881
           5     39.0322     45.3846     2.07387
           6     39.6572     44.4301     1.93549
           7     37.2917     43.4103     1.90883
           8       40.89     43.0953     1.69602
           9     42.9595     43.0802     1.50764
          10     42.4682      43.019     1.35812
          11     45.7194     43.2645     1.25664
          12     45.5456     43.4546     1.16621
          13     43.3369     43.4455     1.07654
          14     39.8256     43.1869     1.03023
          15     47.3887     43.4671    0.998901
          16     37.6619     43.1042     1.00019
          17     46.2448      43.289    0.958269
          18      46.226     43.4521    0.918818
          19      50.606     43.8287     0.94446
          20      45.133     43.8939    0.899485
           1     46.9117     46.9117           0
           2     50.0111     48.4614     1.09582
           3     50.3076     49.0768    0.886674
           4     40.8936      47.031     1.89241
           5     39.0682     45.4384      2.0787
           6     39.6354     44.4713     1.94428
           7     37.2819     43.4442     1.91871
           8     40.8669      43.122      1.7057
           9     42.9445     43.1023     1.51629
          10     42.4323     43.0353     1.36614
          11     45.7464     43.2818     1.26398
          12     45.4859     43.4655     1.17192
          13     43.2553     43.4493     1.08189
          14     39.8095     43.1893     1.03538
          15      47.372     43.4682      1.0032
          16     37.6941     43.1073     1.00331
          17     46.2406     43.2916    0.961072
          18     46.1969      43.453    0.921133
          19     50.6279     43.8306    0.946898
          20     45.1573      43.897    0.901874
