           1    -0.48216    -0.48216           0
           2   -0.484328   -0.483244 0.000766504
           3   -0.483128   -0.483205 0.000511977
           4   -0.479544    -0.48229 0.000880806
           5   -0.480408   -0.481914 0.000780939
           6   -0.483752    -0.48222 0.000708345
           7    -0.48488     -0.4826 0.000701716
           8   -0.482808   -0.482626 0.000614483
           9   -0.484888   -0.482877 0.000595392
          10   -0.482392   -0.482829 0.000537828
          11   -0.480136   -0.482584 0.000541789
          12   -0.480656   -0.482423 0.000519917
          13   -0.485512   -0.482661 0.000531445
          14   -0.484864   -0.482818 0.000516257
          15   -0.484048     -0.4829 0.000488306
          16   -0.481536   -0.482815 0.000465171
          17   -0.481592   -0.482743 0.000443337
          18    -0.48252   -0.482731  0.00041888
          19   -0.481672   -0.482675 0.000400522
          20   -0.479688   -0.482526  0.00040739
           1   -0.483112   -0.483112           0
           2   -0.484408    -0.48376 0.000458205
           3   -0.482536   -0.483352 0.000451982
           4   -0.479792   -0.482462 0.000842014
           5   -0.480528   -0.482075  0.00075726
           6   -0.485464    -0.48264 0.000814897
           7   -0.484752   -0.482942 0.000752267
           8     -0.4824   -0.482874 0.000661274
           9   -0.485672   -0.483185 0.000656826
          10   -0.481056   -0.482972 0.000624692
          11     -0.4824    -0.48292 0.000570062
          12    -0.48108   -0.482767 0.000542787
          13   -0.486648   -0.483065 0.000577338
          14   -0.483832    -0.48312 0.000538691
          15   -0.483096   -0.483118  0.00050278
          16   -0.481664   -0.483027 0.000479503
          17   -0.480776   -0.482895 0.000469231
          18   -0.482312   -0.482863  0.00044428
          19   -0.482056    -0.48282  0.00042292
          20    -0.48012   -0.482685 0.000422775
