           1    0.497328    0.497328           0
           2     0.47998    0.488654  0.00613344
           3    0.487092    0.488133    0.004111
           4    0.405348    0.467437   0.0181868
           5    0.529028    0.479755   0.0182504
           6    0.476112    0.479148   0.0152188
           7    0.471888    0.478111   0.0130799
           8    0.474572    0.477668   0.0114524
           9    0.426524    0.471986   0.0115038
          10    0.546668    0.479454   0.0125455
          11    0.474652    0.479017   0.0114126
          12    0.480832    0.479169   0.0104625
          13    0.476408    0.478956  0.00965988
          14    0.461648     0.47772  0.00904866
          15    0.427092    0.474345  0.00905304
          16     0.45454    0.473107  0.00857143
          17    0.377348    0.467474  0.00974387
          18    0.422928    0.464999  0.00951163
          19    0.369572    0.459977   0.0102516
          20    0.484096    0.461183  0.00980974
           1    0.493604    0.493604           0
           2    0.480756     0.48718  0.00454245
           3    0.487876    0.487412  0.00303422
           4      0.4051    0.466834   0.0179658
           5    0.528672    0.479202   0.0181367
           6    0.475608    0.478603   0.0151238
           7    0.472124    0.477677   0.0129915
           8    0.474964    0.477338    0.011372
           9    0.426792    0.471722   0.0114113
          10    0.545816    0.479131   0.0124453
          11    0.475072    0.478762   0.0113194
          12    0.481276    0.478972   0.0103781
          13    0.475992    0.478742  0.00958228
          14    0.461436    0.477506  0.00897721
          15    0.426948    0.474136  0.00898924
          16    0.454376    0.472901  0.00851182
          17     0.37748    0.467288  0.00968661
          18     0.42184    0.464763  0.00947182
          19    0.370404    0.459797   0.0101924
          20     0.48352    0.460983  0.00975159
