           1   -0.761304   -0.761304           0
           2   -0.761704   -0.761504 0.000141421
           3   -0.765352   -0.762787  0.00105153
           4   -0.756768   -0.761282  0.00152315
           5    -0.76196   -0.761418  0.00122454
           6   -0.761968   -0.761509  0.00102388
           7   -0.763904   -0.761851 0.000933012
           8   -0.763336   -0.762037 0.000834636
           9   -0.762736   -0.762115 0.000745504
          10    -0.76644   -0.762547 0.000786483
          11       -0.76   -0.762316 0.000748298
          12   -0.766448    -0.76266 0.000761063
          13   -0.760056    -0.76246 0.000728403
          14   -0.762944   -0.762494 0.000677195
          15   -0.757408   -0.762155 0.000711899
          16   -0.760352   -0.762042 0.000676267
          17   -0.759672   -0.761903 0.000650704
          18   -0.760264   -0.761812 0.000620892
          19   -0.762152    -0.76183 0.000588471
          20   -0.763608   -0.761919 0.000565724
           1   -0.761744   -0.761744           0
           2    -0.76184   -0.761792 3.39411e-05
           3   -0.764936    -0.76284 0.000855988
           4   -0.756584   -0.761276  0.00149891
           5     -0.7628   -0.761581  0.00122973
           6    -0.76132   -0.761537  0.00102554
           7   -0.763872   -0.761871 0.000931691
           8   -0.763168   -0.762033 0.000829218
           9   -0.762536   -0.762089 0.000738964
          10    -0.76632   -0.762512 0.000776811
          11   -0.760224   -0.762304 0.000733511
          12   -0.766456    -0.76265 0.000749561
          13   -0.759304   -0.762393 0.000734765
          14   -0.762296   -0.762386 0.000682314
          15   -0.757624   -0.762068 0.000706826
          16   -0.760608   -0.761977 0.000668515
          17   -0.760448   -0.761887 0.000635213
          18   -0.759904   -0.761777 0.000609402
          19   -0.762168   -0.761797 0.000577676
          20   -0.763624   -0.761889 0.000555964
