           1    0.437041    0.437041           0
           2    0.432089    0.434565  0.00175103
           3    0.411862    0.426998  0.00628819
           4    0.472789    0.438445   0.0109786
           5    0.416778    0.434112  0.00960017
           6    0.420001     0.43176   0.0082832
           7    0.412646    0.429029  0.00753654
           8    0.439936    0.430393  0.00671665
           9    0.451075    0.432691  0.00635131
          10    0.406669    0.430089  0.00622645
          11    0.422817    0.429427   0.0056954
          12    0.436483    0.430015  0.00525104
          13    0.421145    0.429333  0.00489125
          14     0.44785    0.430656  0.00471731
          15    0.407121    0.429087  0.00465644
          16    0.406834    0.427696   0.0045684
          17    0.447874    0.428883  0.00445119
          18     0.43645    0.429303  0.00422371
          19    0.443208    0.430035  0.00406431
          20    0.463002    0.431683  0.00418201
           1    0.436475    0.436475           0
           2    0.428883    0.432679  0.00268407
           3    0.420036    0.428465  0.00387852
           4    0.473363    0.439689   0.0101465
           5    0.412214    0.434194   0.0094893
           6    0.422011    0.432164   0.0081221
           7    0.410631    0.429088  0.00752176
           8    0.441423     0.43063  0.00673773
           9    0.452065    0.433011   0.0063962
          10    0.407532    0.430463  0.00624347
          11    0.423352    0.429817  0.00570926
          12    0.436361    0.430362  0.00525947
          13    0.418722    0.429467  0.00493053
          14    0.452685    0.431125  0.00484926
          15    0.405815    0.429438   0.0048106
          16    0.405339    0.427932  0.00473987
          17    0.444764    0.428922   0.0045633
          18    0.440088    0.429542  0.00435175
          19     0.44486    0.430348  0.00419672
          20    0.466764    0.432169  0.00436402
