           1     0.39115     0.39115           0
           2    0.407132    0.399141  0.00565022
           3     0.37702    0.391767  0.00710195
           4    0.411557    0.396715   0.0068358
           5    0.402905    0.397953  0.00557962
           6    0.394816     0.39743  0.00467411
           7    0.401134    0.397959  0.00403622
           8    0.384642    0.396294  0.00385974
           9    0.392441    0.395866  0.00345454
          10    0.392759    0.395555  0.00312303
          11    0.408475     0.39673  0.00305198
          12    0.398741    0.396898  0.00280225
          13    0.382647    0.395801  0.00279288
          14     0.40575    0.396512  0.00268228
          15     0.39984    0.396734  0.00251262
          16    0.388248    0.396203  0.00241091
          17    0.411503    0.397103  0.00243128
          18    0.386469    0.396513  0.00236691
          19    0.396165    0.396494   0.0022424
          20    0.383476    0.395843  0.00222274
           1    0.393944    0.393944           0
           2    0.403735     0.39884   0.0034617
           3    0.380515    0.392732  0.00549534
           4    0.407589    0.396446  0.00522819
           5    0.408172    0.398791  0.00467905
           6    0.388795    0.397125  0.00418531
           7    0.403722    0.398068  0.00369199
           8     0.38059    0.395883  0.00382264
           9    0.387684    0.394972  0.00350476
          10    0.395136    0.394988  0.00315432
          11     0.40902    0.396264  0.00311484
          12    0.396165    0.396256  0.00285528
          13    0.386241    0.395485  0.00273759
          14    0.403714    0.396073  0.00260438
          15    0.397198    0.396148  0.00243183
          16    0.392953    0.395948  0.00228803
          17    0.408141    0.396666  0.00226306
          18     0.38944    0.396264  0.00217264
          19    0.400627    0.396494  0.00207039
          20    0.384611      0.3959  0.00205034
