           1      7.2393      7.2393           0
           2     7.42408     7.33169    0.065331
           3     7.56952     7.41097   0.0780185
           4      7.1164     7.33732   0.0865515
           5      7.4688     7.36362   0.0731265
           6     7.59073     7.40147   0.0700534
           7     8.03341     7.49175    0.102913
           8     7.89641     7.54233    0.101723
           9     7.46248     7.53346   0.0908067
          10      7.5713     7.53724   0.0818048
          11     7.49389      7.5333   0.0744629
          12     7.60606     7.53936    0.068504
          13     7.35014     7.52481   0.0647625
          14     7.13985     7.49731   0.0657152
          15     6.85297     7.45435   0.0740547
          16     7.48786     7.45645   0.0694559
          17     7.61988     7.46606   0.0660322
          18     7.35562     7.45993   0.0626482
          19     7.47042     7.46048   0.0593534
          20     7.75915     7.47541   0.0582341
           1     7.29841     7.29841           0
           2     7.40535     7.35188   0.0378104
           3     7.54855     7.41744   0.0591656
           4     7.07362     7.33148   0.0866605
           5     7.46969     7.35912   0.0736046
           6     7.59395     7.39826    0.070984
           7     8.00172     7.48447     0.10036
           8     7.86449     7.53197   0.0984166
           9     7.45899     7.52386   0.0878149
          10     7.57416     7.52889   0.0791773
          11     7.51362     7.52751   0.0719915
          12     7.58263      7.5321   0.0661387
          13      7.3512     7.51818   0.0624978
          14     7.16234     7.49277   0.0629906
          15     6.85633     7.45034   0.0716703
          16     7.45325     7.45052   0.0671911
          17     7.61062     7.45994   0.0638954
          18     7.31045     7.45163    0.060883
          19     7.44338      7.4512   0.0576801
          20     7.79426     7.46835   0.0572898
