           1    -0.85056    -0.85056           0
           2   -0.848928   -0.849744 0.000576999
           3   -0.848832    -0.84944 0.000457798
           4   -0.845432   -0.848438 0.000933215
           5    -0.84936   -0.848622 0.000764574
           6   -0.847488   -0.848433 0.000660108
           7   -0.849504   -0.848586 0.000583257
           8   -0.853896    -0.84925 0.000803685
           9    -0.85076   -0.849418  0.00073169
          10   -0.850912   -0.849567 0.000673605
          11   -0.846776   -0.849313 0.000658429
          12   -0.857688   -0.850011 0.000900407
          13   -0.850216   -0.850027 0.000831283
          14   -0.849408   -0.849983  0.00077308
          15   -0.843632   -0.849559 0.000829416
          16   -0.851624   -0.849688 0.000787551
          17   -0.847392   -0.849553 0.000752721
          18   -0.845432   -0.849324 0.000744914
          19    -0.84968   -0.849343 0.000705943
          20   -0.848016   -0.849277 0.000673757
           1   -0.850352   -0.850352           0
           2   -0.848616   -0.849484 0.000613769
           3    -0.84828   -0.849083  0.00052422
           4   -0.845056   -0.848076 0.000956353
           5   -0.849328   -0.848326  0.00079719
           6   -0.847104   -0.848123 0.000689867
           7    -0.85016   -0.848414 0.000649816
           8    -0.85368   -0.849072 0.000838132
           9   -0.850736   -0.849257 0.000765128
          10   -0.850984    -0.84943  0.00070784
          11   -0.846712   -0.849183  0.00068525
          12   -0.857352   -0.849863 0.000905216
          13   -0.850096   -0.849881 0.000835761
          14   -0.848664   -0.849794 0.000780573
          15   -0.843976   -0.849406 0.000819261
          16   -0.851648   -0.849546 0.000779944
          17   -0.847912    -0.84945 0.000739968
          18   -0.844944     -0.8492 0.000739998
          19   -0.849832   -0.849233 0.000701798
          20   -0.848064   -0.849175 0.000669139
