           1     70.4999     70.4999           0
           2     86.2668     78.3834     5.57446
           3     81.6693     79.4787      3.8224
           4     76.7657     78.8004     2.92635
           5     75.2859     78.0975     2.42403
           6     75.0034     77.5818     2.07416
           7     72.0379     76.7898     1.92312
           8     79.6407     77.1462     1.71543
           9     82.8254     77.7772     1.63678
          10     77.4174     77.7412      1.4735
          11     76.3777     77.6173     1.34474
          12     77.7076     77.6248      1.2327
          13     77.4595     77.6121     1.13795
          14      69.051     77.0006     1.20986
          15     81.7539     77.3175     1.16997
          16      80.384     77.5091     1.11243
          17      76.822     77.4687     1.04773
          18     85.0286     77.8887      1.0704
          19     81.3276     78.0697     1.02925
          20     85.0987     78.4212     1.03605
           1      70.716      70.716           0
           2     86.2923     78.5042     5.50706
           3      81.652     79.5534     3.77001
           4     76.7989     78.8648     2.88972
           5       75.29     78.1499     2.39859
           6     74.9869     77.6227     2.05593
           7     72.0116     76.8211     1.91212
           8     79.6583     77.1758     1.70568
           9     82.8354     77.8046     1.62796
          10     77.4199     77.7661     1.46562
          11     76.3825     77.6403     1.33777
          12     77.6818     77.6438     1.22629
          13     77.4626     77.6299     1.13204
          14     69.0491      77.017     1.20574
          15     81.7054     77.3295     1.16516
          16     80.4126     77.5222     1.10816
          17     76.8365     77.4819     1.04371
          18     85.0455     77.9021     1.06696
          19     81.3059     78.0812     1.02574
          20     85.1005     78.4322     1.03275
