           1   -0.554424   -0.554424           0
           2   -0.556736    -0.55558 0.000817415
           3    -0.55388   -0.555013 0.000714869
           4   -0.549376   -0.553604  0.00133309
           5   -0.553216   -0.553526  0.00106873
           6     -0.5554   -0.553839 0.000935113
           7   -0.556432   -0.554209 0.000871831
           8    -0.55584   -0.554413 0.000786324
           9   -0.556104   -0.554601 0.000721053
          10   -0.554304   -0.554571 0.000649559
          11     -0.5516   -0.554301 0.000644225
          12   -0.552536   -0.554154   0.0006071
          13    -0.55724   -0.554391 0.000605033
          14    -0.55756   -0.554618 0.000602664
          15   -0.554216   -0.554591 0.000563081
          16   -0.552544   -0.554463 0.000542227
          17     -0.5528   -0.554365  0.00051908
          18   -0.552544   -0.554264 0.000500006
          19   -0.556128   -0.554362 0.000483218
          20   -0.553064   -0.554297 0.000463396
           1   -0.554936   -0.554936           0
           2   -0.556176   -0.555556 0.000438406
           3   -0.553792   -0.554968 0.000562066
           4   -0.550208   -0.553778  0.00111345
           5   -0.553016   -0.553626 0.000901132
           6   -0.555544   -0.553945 0.000805672
           7   -0.555664   -0.554191 0.000727025
           8   -0.555656   -0.554374 0.000658811
           9   -0.556744   -0.554637 0.000636064
          10   -0.553648   -0.554538 0.000580101
          11   -0.553536   -0.554447 0.000534474
          12   -0.553256   -0.554348 0.000499069
          13   -0.556536   -0.554516 0.000488235
          14    -0.55768   -0.554742 0.000502946
          15   -0.554168   -0.554704 0.000470871
          16   -0.552944   -0.554594 0.000454109
          17   -0.552176   -0.554452  0.00044912
          18   -0.552816   -0.554361 0.000433265
          19     -0.5572    -0.55451 0.000435468
          20   -0.553672   -0.554468 0.000415707
