           1     0.39143     0.39143           0
           2    0.255418    0.323424   0.0480872
           3    0.321014    0.322621   0.0320649
           4    0.328978     0.32421    0.024088
           5    0.352164    0.329801   0.0199086
           6     0.38336    0.338727   0.0184837
           7    0.366177    0.342649   0.0162538
           8    0.327878    0.340802   0.0143266
           9    0.302481    0.336544   0.0133525
          10    0.342129    0.337103   0.0120289
          11    0.322557    0.335781   0.0110078
          12    0.356289     0.33749   0.0102223
          13    0.350127    0.338462  0.00948211
          14    0.384819    0.341773  0.00936513
          15    0.302796    0.339175  0.00909413
          16    0.319739     0.33796  0.00860649
          17    0.372129     0.33997  0.00833162
          18    0.278208    0.336539  0.00854614
          19    0.292375    0.334214   0.0084065
          20    0.276344    0.331321  0.00846952
           1    0.383746    0.383746           0
           2     0.25474    0.319243   0.0456104
           3    0.321376    0.319954   0.0304124
           4    0.329829    0.322423   0.0229093
           5    0.349364    0.327811   0.0189505
           6    0.384375    0.337238   0.0179847
           7    0.366156    0.341369   0.0158829
           8     0.32895    0.339817   0.0139732
           9    0.301574    0.335568   0.0130507
          10    0.342793     0.33629   0.0117656
          11    0.322345    0.335023   0.0107641
          12    0.355817    0.336756   0.0100056
          13    0.348977    0.337696  0.00928001
          14    0.387213    0.341233   0.0092667
          15    0.300797    0.338537  0.00903251
          16    0.320597    0.337416  0.00853728
          17    0.369395    0.339297  0.00823973
          18     0.27776    0.335878  0.00846153
          19    0.293235    0.333634  0.00830851
          20    0.276666    0.330785  0.00836711
