           1    0.031276    0.031276           0
           2    0.024508    0.027892  0.00239285
           3    0.024488   0.0267573  0.00184474
           4    0.030376    0.027662  0.00158998
           5    0.021092    0.026348  0.00173183
           6    0.016316    0.024676  0.00210058
           7    0.028484     0.02522  0.00186961
           8     0.03146       0.026  0.00179125
           9    0.038032   0.0273369  0.00203073
          10    0.029224   0.0275256   0.0018364
          11    0.040644   0.0287182  0.00201991
          12    0.027908   0.0286507  0.00185271
          13      0.0345   0.0291006  0.00176399
          14    0.029296   0.0291146  0.00163804
          15    0.017744   0.0283565  0.00169519
          16    0.033244    0.028662  0.00161653
          17      0.0298   0.0287289  0.00152282
          18    0.034032   0.0290236  0.00146644
          19    0.021784   0.0286425  0.00143791
          20    0.025116   0.0284662  0.00137679
           1    0.032252    0.032252           0
           2    0.024936    0.028594   0.0025866
           3    0.025388   0.0275253  0.00193259
           4    0.029652    0.028057  0.00152082
           5    0.019408   0.0263272  0.00196825
           6    0.014768   0.0244007  0.00240484
           7    0.029248   0.0250931  0.00215869
           8    0.032328   0.0259975  0.00206963
           9     0.03924   0.0274689  0.00230409
          10    0.030288   0.0277508  0.00209086
          11    0.042052   0.0290509  0.00226927
          12    0.027244   0.0289003  0.00208515
          13    0.035508   0.0294086  0.00198574
          14    0.030136   0.0294606  0.00184458
          15    0.017184   0.0286421   0.0018945
          16    0.033256   0.0289305   0.0017979
          17    0.031044   0.0290548  0.00169644
          18    0.033728   0.0293144  0.00162194
          19     0.02006   0.0288274  0.00160804
          20    0.024924   0.0286322  0.00153944
