           1    -0.89444    -0.89444           0
           2    -0.89264    -0.89354 0.000636396
           3   -0.898648   -0.895243  0.00145352
           4   -0.888632    -0.89359  0.00179913
           5   -0.890616   -0.892995  0.00153448
           6   -0.887008   -0.891997  0.00157001
           7    -0.88352   -0.890786   0.0017516
           8   -0.889448   -0.890619  0.00154062
           9   -0.894376   -0.891036  0.00142487
          10   -0.895448   -0.891478  0.00134895
          11   -0.888376   -0.891196  0.00125544
          12   -0.901352   -0.892042  0.00140749
          13   -0.888808   -0.891793  0.00132102
          14    -0.89044   -0.891697  0.00123019
          15   -0.890968   -0.891648  0.00114914
          16   -0.889744   -0.891529  0.00108346
          17   -0.892288   -0.891574  0.00102065
          18   -0.897688   -0.891913  0.00101891
          19   -0.898232   -0.892246  0.00101811
          20   -0.896976   -0.892482 0.000994291
           1   -0.894848   -0.894848           0
           2   -0.892768   -0.893808 0.000735391
           3   -0.898176   -0.895264  0.00128594
           4   -0.888528    -0.89358  0.00174845
           5   -0.890792   -0.893022  0.00148501
           6    -0.88688   -0.891999  0.00155074
           7   -0.883936   -0.890847  0.00170409
           8   -0.889216   -0.890643  0.00150322
           9    -0.89408   -0.891025  0.00138386
          10   -0.895256   -0.891448  0.00130856
          11   -0.888136   -0.891147  0.00122375
          12   -0.901048   -0.891972  0.00137201
          13    -0.88892   -0.891737   0.0012864
          14   -0.890064   -0.891618  0.00120005
          15   -0.891256   -0.891594  0.00112029
          16   -0.890032   -0.891496  0.00105452
          17   -0.892536   -0.891557 0.000994258
          18   -0.897328   -0.891878 0.000989361
          19   -0.898384    -0.89222 0.000994787
          20   -0.896832   -0.892451 0.000971405
