           1   -0.584656   -0.584656           0
           2   -0.583696   -0.584176 0.000339411
           3   -0.582352   -0.583568 0.000545566
           4   -0.580472   -0.582794 0.000785322
           5   -0.580352   -0.582306 0.000765203
           6   -0.584728   -0.582709 0.000736516
           7     -0.5858   -0.583151 0.000752086
           8   -0.584472   -0.583316 0.000675963
           9   -0.584424   -0.583439 0.000611964
          10   -0.581368   -0.583232 0.000584766
          11    -0.58216   -0.583135 0.000539665
          12   -0.583416   -0.583158 0.000495202
          13   -0.582832   -0.583133 0.000457744
          14     -0.5854   -0.583295 0.000452786
          15   -0.582584   -0.583247 0.000425073
          16   -0.581896   -0.583163 0.000406812
          17    -0.58284   -0.583144 0.000383325
          18   -0.579624   -0.582948  0.00040888
          19   -0.584984   -0.583056  0.00040115
          20   -0.582664   -0.583036  0.00038157
           1   -0.583504   -0.583504           0
           2   -0.583536    -0.58352 1.13137e-05
           3   -0.582408   -0.583149 0.000302742
           4    -0.58132   -0.582692  0.00045653
           5      -0.581   -0.582354 0.000474342
           6   -0.583984   -0.582625 0.000466672
           7   -0.584824   -0.582939 0.000494536
           8   -0.583672   -0.583031 0.000441115
           9   -0.584928   -0.583242 0.000439585
          10   -0.581424    -0.58306 0.000431578
          11   -0.583104   -0.583064 0.000392362
          12    -0.58352   -0.583102 0.000361501
          13   -0.582392   -0.583047 0.000337793
          14    -0.58564   -0.583233 0.000360875
          15     -0.5822   -0.583164 0.000343319
          16   -0.582016   -0.583092  0.00032927
          17   -0.581976   -0.583026 0.000316378
          18   -0.580104   -0.582864   0.0003379
          19   -0.586256   -0.583043 0.000364237
          20   -0.583888   -0.583085 0.000348469
