           1    0.290078    0.290078           0
           2    0.294296    0.292187  0.00149104
           3    0.290153    0.291509  0.00113782
           4    0.296948    0.292869   0.0014543
           5    0.290344    0.292364  0.00124802
           6     0.28815    0.291661   0.0012217
           7    0.296333    0.292329  0.00121589
           8    0.287093    0.291674  0.00122745
           9    0.283192    0.290732  0.00140715
          10    0.295518     0.29121  0.00134535
          11     0.28875    0.290987  0.00124151
          12    0.292569    0.291119  0.00114503
          13     0.29169    0.291163   0.0010578
          14    0.298438    0.291682  0.00110253
          15    0.295894    0.291963  0.00106419
          16    0.304738    0.292761  0.00126214
          17    0.302377    0.293327  0.00130852
          18    0.285615    0.292899  0.00130409
          19    0.301578    0.293355  0.00131302
          20    0.297151    0.293545  0.00126101
           1    0.287272    0.287272           0
           2    0.295374    0.291323  0.00286437
           3    0.283384    0.288677  0.00288358
           4    0.299773    0.291451  0.00323245
           5    0.292564    0.291673  0.00259363
           6    0.291203    0.291595  0.00216254
           7    0.293193    0.291823  0.00186562
           8    0.287267    0.291254  0.00171717
           9    0.280619    0.290072  0.00188966
          10    0.297797    0.290845  0.00185186
          11    0.287231    0.290516   0.0017124
          12    0.287966    0.290304  0.00158282
          13    0.292218    0.290451   0.0014679
          14    0.299361    0.291087  0.00149466
          15    0.293688    0.291261  0.00140503
          16    0.300724    0.291852  0.00143632
          17    0.305115    0.292632  0.00154929
          18    0.289372    0.292451  0.00147377
          19      0.3003    0.292864  0.00145295
          20    0.291845    0.292813  0.00138119
