           1     0.05198     0.05198           0
           2     0.04622      0.0491  0.00203647
           3     0.04666   0.0482867  0.00151136
           4     0.04884    0.048425  0.00113983
           5      0.0468      0.0481 0.000957079
           6    0.037908   0.0464013  0.00174375
           7    0.054012   0.0474886  0.00180199
           8     0.04984   0.0477825  0.00160054
           9    0.055804   0.0486738  0.00165233
          10    0.060312   0.0498376  0.00185216
          11    0.047608   0.0496349  0.00169483
          12    0.050804   0.0497323  0.00155639
          13      0.0495   0.0497145  0.00143677
          14    0.055052   0.0500957  0.00138381
          15     0.04932    0.050044  0.00129252
          16    0.047364   0.0498765  0.00122254
          17    0.039264   0.0492522  0.00130028
          18    0.058432   0.0497622  0.00132428
          19    0.052252   0.0498933  0.00126105
          20    0.048844   0.0498408  0.00119909
           1    0.053876    0.053876           0
           2    0.047036    0.050456  0.00241831
           3    0.046132   0.0490147  0.00199604
           4    0.048316     0.04884  0.00150465
           5    0.046964   0.0484648  0.00124962
           6    0.037444    0.046628  0.00197382
           7    0.053944   0.0476731    0.001949
           8    0.049908   0.0479525  0.00172528
           9    0.056384   0.0488893  0.00176975
          10    0.060376    0.050038  0.00192988
          11    0.047776   0.0498324  0.00176535
          12    0.049416   0.0497977  0.00161858
          13    0.050516   0.0498529  0.00149502
          14    0.056912   0.0503571   0.0014708
          15    0.049936   0.0503291  0.00137302
          16     0.04616   0.0500685   0.0013117
          17    0.040228   0.0494896  0.00135626
          18    0.058164   0.0499716  0.00136385
          19    0.052464   0.0501027  0.00129836
          20     0.04948   0.0500716  0.00123381
