           1    0.080872    0.080872           0
           2    0.075528      0.0782  0.00188939
           3    0.081752    0.079384  0.00158781
           4    0.091756    0.082477   0.0029314
           5    0.061416   0.0782648  0.00443776
           6    0.071144    0.077078  0.00385356
           7    0.099908   0.0803394  0.00447521
           8    0.086568    0.081118  0.00398296
           9    0.091932   0.0823196  0.00371723
          10    0.088464    0.082934  0.00339591
          11    0.088048   0.0833989  0.00311885
          12    0.093992   0.0842817  0.00298126
          13    0.100796    0.085552  0.00301044
          14    0.092656   0.0860594  0.00283785
          15    0.062956   0.0845192  0.00303802
          16    0.092052     0.08499  0.00288439
          17    0.079052   0.0846407  0.00273579
          18    0.067616   0.0836949  0.00274243
          19     0.06954   0.0829499  0.00269738
          20    0.076272    0.082616  0.00258309
           1    0.078772    0.078772           0
           2    0.074256    0.076514  0.00159665
           3    0.080812   0.0779467  0.00158157
           4     0.09146    0.081325  0.00315704
           5    0.061652   0.0773904   0.0043317
           6    0.070892   0.0763073  0.00374271
           7    0.099628   0.0796389  0.00445028
           8    0.087724   0.0806495   0.0040071
           9    0.091568   0.0818627  0.00374101
          10    0.087828   0.0824592  0.00341414
          11    0.087876   0.0829516  0.00313908
          12     0.09334   0.0838173  0.00299448
          13    0.099776   0.0850449  0.00300524
          14      0.0918   0.0855274  0.00282905
          15    0.063176   0.0840373  0.00300738
          16    0.091552    0.084507  0.00285586
          17    0.078432   0.0841496  0.00271013
          18    0.067724   0.0832371  0.00270885
          19     0.06926   0.0825015  0.00266429
          20     0.07734   0.0822434  0.00254355
