           1    0.055608    0.055608           0
           2    0.063676    0.059642  0.00285247
           3    0.055664    0.058316  0.00218825
           4    0.047796    0.055686  0.00280734
           5    0.046368   0.0538224  0.00279685
           6     0.05146   0.0534287  0.00235826
           7     0.05848   0.0541503  0.00212891
           8    0.072244    0.056412  0.00281885
           9    0.078124   0.0588244  0.00338401
          10     0.05594    0.058536  0.00305788
          11      0.0513   0.0578782  0.00284976
          12    0.070972   0.0589693  0.00281344
          13    0.054304   0.0586105  0.00261981
          14     0.04164   0.0573983  0.00269858
          15    0.051936   0.0570341  0.00254313
          16     0.06986   0.0578358  0.00250734
          17    0.059468   0.0579318  0.00236168
          18     0.06408   0.0582733  0.00225505
          19      0.0524   0.0579642  0.00215744
          20    0.064496   0.0582908  0.00207414
           1    0.056488    0.056488           0
           2    0.062584    0.059536  0.00215526
           3      0.0551   0.0580573  0.00187674
           4    0.047028      0.0553  0.00277189
           5    0.045276   0.0532952   0.0028518
           6     0.05184   0.0530527  0.00238679
           7    0.058448   0.0538234   0.0021667
           8    0.073368   0.0562665  0.00296931
           9     0.07786   0.0586658   0.0034761
          10    0.055784   0.0583776  0.00314041
          11    0.050672   0.0576771  0.00293201
          12    0.071576   0.0588353  0.00290746
          13    0.052796   0.0583708  0.00272067
          14     0.04192   0.0571957  0.00276849
          15     0.05228    0.056868  0.00260324
          16     0.06936   0.0576487  0.00255494
          17     0.05878   0.0577153  0.00240552
          18    0.063256   0.0580231  0.00229149
          19    0.053316   0.0577754  0.00218423
          20    0.064772   0.0581252  0.00210285
