           1   -0.613512   -0.613512           0
           2   -0.614464   -0.613988 0.000336583
           3   -0.612024   -0.613333  0.00057972
           4   -0.610216   -0.612554 0.000802847
           5   -0.610064   -0.612056 0.000781616
           6   -0.615032   -0.612552 0.000793263
           7    -0.61704   -0.613193 0.000902584
           8   -0.615392   -0.613468 0.000830558
           9   -0.613456   -0.613467 0.000738275
          10   -0.609896    -0.61311 0.000745813
          11   -0.611752   -0.612986 0.000688148
          12   -0.614128   -0.613081 0.000637346
          13   -0.613024   -0.613077 0.000588335
          14   -0.612592   -0.613042  0.00054733
          15   -0.611744   -0.612956 0.000517639
          16   -0.611864   -0.612888 0.000489763
          17   -0.610976   -0.612775 0.000473685
          18    -0.61208   -0.612736 0.000448941
          19   -0.613528   -0.612778 0.000427241
          20   -0.612576   -0.612768 0.000405998
           1   -0.612704   -0.612704           0
           2   -0.614152   -0.613428 0.000511945
           3   -0.611648   -0.612835 0.000592604
           4    -0.61148   -0.612496 0.000532504
           5   -0.610656   -0.612128 0.000538347
           6   -0.615448   -0.612681 0.000675582
           7   -0.616944    -0.61329 0.000808189
           8   -0.614272   -0.613413 0.000716422
           9   -0.615112   -0.613602 0.000661223
          10    -0.60956   -0.613198 0.000707933
          11   -0.612528   -0.613137 0.000646187
          12   -0.614136    -0.61322  0.00059768
          13   -0.612296   -0.613149 0.000555914
          14   -0.612648   -0.613113 0.000517356
          15    -0.61172    -0.61302 0.000491132
          16   -0.612488   -0.612987 0.000461561
          17   -0.610704   -0.612853 0.000453527
          18   -0.612536   -0.612835 0.000428672
          19   -0.614552   -0.612925 0.000415525
          20   -0.613568   -0.612958 0.000395989
