           1    0.337978    0.337978           0
           2    0.355824    0.346901  0.00630934
           3    0.337608    0.343803  0.00490813
           4    0.345045    0.344114   0.0036909
           5    0.345527    0.344396  0.00296353
           6    0.339165    0.343524  0.00259471
           7    0.344354    0.343643  0.00222674
           8     0.34316    0.343583  0.00194922
           9    0.342657     0.34348  0.00173535
          10     0.35213    0.344345  0.00176429
          11    0.344338    0.344344   0.0016039
          12    0.334061    0.343487  0.00168368
          13     0.34825    0.343854  0.00159354
          14    0.344571    0.343905  0.00148053
          15    0.335825    0.343366  0.00147658
          16    0.351433     0.34387  0.00146784
          17     0.34876    0.344158   0.0014094
          18     0.34538    0.344226  0.00133273
          19    0.351081    0.344587  0.00131052
          20    0.345398    0.344627  0.00124562
           1    0.345248    0.345248           0
           2    0.351708    0.348478  0.00228396
           3    0.337352    0.344769  0.00338951
           4    0.348275    0.345646    0.002653
           5    0.344783    0.345473    0.002128
           6    0.348153     0.34592  0.00181959
           7     0.34251    0.345433  0.00162354
           8    0.346289     0.34554  0.00142413
           9    0.336635     0.34455  0.00157247
          10    0.348567    0.344952  0.00146564
          11    0.343513    0.344821  0.00133822
          12    0.337643    0.344223  0.00135383
          13    0.341629    0.344023   0.0012643
          14    0.353581    0.344706  0.00134576
          15    0.338243    0.344275  0.00132323
          16    0.349865    0.344625  0.00128582
          17    0.353769    0.345162  0.00131791
          18    0.343294    0.345059  0.00124878
          19    0.350266    0.345333  0.00121276
          20    0.343138    0.345223  0.00115707
