           1     2.23968     2.23968           0
           2     2.24092      2.2403 0.000440174
           3     2.21809      2.2329  0.00604988
           4     2.08839     2.19677   0.0316129
           5     2.25001     2.20742   0.0270243
           6     2.14037     2.19624   0.0247234
           7      2.1635     2.19157   0.0216296
           8     2.16512     2.18826   0.0191769
           9     2.19581      2.1891   0.0170645
          10     2.23082     2.19327   0.0158598
          11     2.11223      2.1859   0.0160383
          12     2.12412     2.18075   0.0155061
          13     2.12414      2.1764   0.0149123
          14     2.21545     2.17919   0.0141056
          15     2.17285     2.17877   0.0131716
          16      2.2361     2.18235   0.0128265
          17     2.24214     2.18587   0.0125449
          18     2.21285     2.18736   0.0119372
          19     2.18416      2.1872   0.0113101
          20     2.16518     2.18609    0.010798
           1     2.22017     2.22017           0
           2     2.26044     2.24031   0.0142394
           3     2.22833     2.23631    0.010037
           4     2.08913     2.19952   0.0327446
           5      2.2382     2.20725    0.027094
           6     2.14057     2.19614   0.0247533
           7     2.13856     2.18791   0.0225424
           8     2.15431     2.18371    0.020112
           9      2.2204     2.18779   0.0182859
          10     2.21209     2.19022    0.016618
          11     2.09883     2.18191   0.0170582
          12     2.13074     2.17765    0.016161
          13     2.08067     2.17019   0.0165502
          14     2.21938      2.1737   0.0157367
          15     2.16845     2.17335   0.0146914
          16     2.24613      2.1779   0.0144602
          17     2.22594     2.18073    0.013883
          18     2.21869     2.18284    0.013271
          19      2.2018     2.18383     0.01261
          20     2.16379     2.18283   0.0120193
