           1    0.955048    0.955048           0
           2    0.912344    0.933696   0.0150981
           3    0.922516    0.929969   0.0105153
           4    0.906488    0.924099  0.00938308
           5    0.874188    0.914117   0.0116646
           6    0.771264    0.890308    0.023809
           7    0.774756    0.873801   0.0254959
           8    0.937424    0.881754   0.0235166
           9    0.776652    0.870076    0.023626
          10    0.892504    0.872318   0.0213695
          11    0.951988    0.879561   0.0206177
          12    0.756744    0.869326   0.0212889
          13    0.813048    0.864997   0.0200866
          14    0.907852    0.868058   0.0188836
          15    0.836284     0.86594   0.0177431
          16    0.956612    0.871607   0.0175158
          17    0.957884    0.876682    0.017205
          18    0.886912     0.87725   0.0162586
          19     0.92364    0.879692   0.0155851
          20    0.883064    0.879861   0.0148068
           1    0.958904    0.958904           0
           2    0.912488    0.935696   0.0164105
           3    0.922224    0.931205   0.0115384
           4    0.906676    0.925073   0.0101535
           5     0.87422    0.914902   0.0121956
           6     0.77152    0.891005   0.0240661
           7     0.77446    0.874356   0.0257511
           8     0.93738    0.882234   0.0237066
           9    0.776216    0.870454   0.0238201
          10    0.892308     0.87264   0.0215381
          11    0.952204    0.879873   0.0207592
          12    0.756556    0.869596   0.0214223
          13    0.812848    0.865231   0.0202143
          14    0.907408    0.868244   0.0189936
          15    0.836664    0.866138   0.0178437
          16    0.956676    0.871797   0.0176028
          17    0.957892    0.876861   0.0172805
          18    0.886664    0.877406   0.0163291
          19      0.9236    0.879837   0.0156496
          20    0.883192    0.880005    0.014868
