           1   -0.527912   -0.527912           0
           2   -0.531064   -0.529488   0.0011144
           3   -0.527096   -0.528691 0.000987814
           4   -0.525696   -0.527942 0.000984505
           5    -0.52676   -0.527706 0.000815493
           6   -0.529048   -0.527929 0.000709605
           7     -0.5318   -0.528482 0.000794999
           8   -0.528656   -0.528504 0.000695921
           9   -0.529704   -0.528637  0.00063124
          10   -0.527552   -0.528529 0.000577371
          11   -0.526056   -0.528304 0.000566959
          12   -0.526944   -0.528191 0.000530919
          13   -0.528496   -0.528214 0.000490599
          14   -0.530912   -0.528407 0.000491948
          15   -0.529616   -0.528487 0.000465709
          16   -0.526752   -0.528379 0.000449056
          17   -0.524664    -0.52816 0.000472833
          18   -0.526472   -0.528067 0.000455775
          19   -0.528928   -0.528112 0.000434035
          20   -0.525664    -0.52799 0.000429245
           1   -0.528696   -0.528696           0
           2   -0.530088   -0.529392 0.000492146
           3   -0.527472   -0.528752 0.000617021
           4   -0.526008   -0.528066  0.00075306
           5   -0.527288    -0.52791 0.000618314
           6   -0.529544   -0.528183 0.000572074
           7    -0.52988   -0.528425 0.000539294
           8   -0.527784   -0.528345   0.0004778
           9   -0.529776   -0.528504  0.00045039
          10   -0.525856   -0.528239 0.000476882
          11      -0.527   -0.528127 0.000446638
          12   -0.527632   -0.528085 0.000411315
          13   -0.529112   -0.528164 0.000387183
          14   -0.531456   -0.528399 0.000424962
          15   -0.529232   -0.528455 0.000400239
          16   -0.527096    -0.52837 0.000384131
          17    -0.52328   -0.528071 0.000463769
          18   -0.525832   -0.527946 0.000454373
          19    -0.52944   -0.528025 0.000437208
          20   -0.526288   -0.527938 0.000423884
