           1     1.66775     1.66775           0
           2      1.6461     1.65692  0.00765561
           3     1.73136     1.68174    0.020893
           4     1.60756     1.66319    0.022438
           5     1.68772      1.6681   0.0184788
           6     1.72984     1.67839   0.0180377
           7     1.75928     1.68994   0.0188013
           8     1.70668     1.69204   0.0165672
           9     1.76851     1.70053   0.0167642
          10     1.69014     1.69949     0.01512
          11     1.69941     1.69949   0.0137454
          12     1.58683      1.6901   0.0154775
          13     1.68266     1.68953   0.0142975
          14     1.62345     1.68481   0.0140336
          15     1.66559     1.68352   0.0131563
          16     1.66891     1.68261   0.0123657
          17     1.70976     1.68421    0.011741
          18      1.6023     1.67966   0.0119381
          19      1.6636     1.67881   0.0113396
          20     1.67764     1.67875   0.0107728
           1     1.66966     1.66966           0
           2     1.63632     1.65299   0.0117867
           3      1.7342     1.68006   0.0234592
           4     1.61031     1.66262   0.0231864
           5     1.70496     1.67109   0.0200354
           6     1.72766     1.68052   0.0187839
           7     1.76815     1.69304   0.0198384
           8      1.7014     1.69408   0.0173861
           9     1.77122     1.70265   0.0174395
          10     1.69267     1.70166   0.0157241
          11     1.70827     1.70226   0.0143062
          12     1.59153     1.69303    0.015812
          13     1.66274      1.6907   0.0147663
          14     1.63193      1.6865   0.0142958
          15     1.66559     1.68511   0.0134106
          16     1.65495     1.68322   0.0127042
          17     1.70782     1.68467    0.012039
          18     1.58573     1.67917   0.0125625
          19     1.70064      1.6803    0.011952
          20     1.67765     1.68017   0.0113552
