           1     1.36506     1.36506           0
           2     1.37368     1.36937  0.00304763
           3      1.3846     1.37444  0.00461625
           4     1.30201     1.35633   0.0160602
           5     1.34577     1.35422   0.0129864
           6     1.34116     1.35204   0.0110031
           7      1.3455     1.35111  0.00947082
           8     1.37984      1.3547  0.00894221
           9     1.34068     1.35314  0.00808326
          10     1.36978     1.35481  0.00744419
          11     1.32683     1.35226  0.00718872
          12     1.29967     1.34788  0.00781234
          13     1.33386      1.3468  0.00728545
          14     1.37403     1.34875   0.0070199
          15     1.44287     1.35502   0.0089261
          16     1.33573     1.35382  0.00844924
          17     1.37082     1.35482  0.00801122
          18     1.34914      1.3545  0.00757235
          19     1.33722     1.35359  0.00722825
          20     1.30607     1.35122  0.00724681
           1     1.37441     1.37441           0
           2     1.37326     1.37384 0.000404465
           3     1.36194     1.36987  0.00324997
           4     1.30759      1.3543    0.013702
           5      1.3409     1.35162   0.0112206
           6     1.36636     1.35408  0.00961569
           7     1.35197     1.35378  0.00824674
           8     1.37884     1.35691  0.00778817
           9     1.34772     1.35589  0.00698935
          10     1.36238     1.35654  0.00632049
          11     1.32891     1.35403  0.00622486
          12     1.31354     1.35065  0.00655712
          13     1.33979     1.34982   0.0061057
          14     1.36635       1.351  0.00578264
          15     1.44014     1.35694  0.00788006
          16     1.34813     1.35639  0.00740677
          17     1.36811     1.35708  0.00700309
          18     1.34207     1.35624  0.00666349
          19     1.34392      1.3556  0.00634428
          20     1.31783     1.35371  0.00630184
