           1   -0.682104   -0.682104           0
           2   -0.687328   -0.684716  0.00184696
           3   -0.683944   -0.684459  0.00124911
           4   -0.677816   -0.682798  0.00171639
           5   -0.681064   -0.682451  0.00140772
           6   -0.683016   -0.682545  0.00117624
           7   -0.683304   -0.682654  0.00101319
           8    -0.68324   -0.682727 0.000889184
           9   -0.682936    -0.68275 0.000790689
          10   -0.683144    -0.68279   0.0007126
          11    -0.68272   -0.682783 0.000647846
          12   -0.680088   -0.682559 0.000631595
          13   -0.682008   -0.682516  0.00058443
          14   -0.684456   -0.682655 0.000558866
          15   -0.681904   -0.682605 0.000523846
          16   -0.684864   -0.682746  0.00050978
          17    -0.68068   -0.682624 0.000494067
          18   -0.680536   -0.682508 0.000480049
          19    -0.68468   -0.682623 0.000468191
          20   -0.684544   -0.682719  0.00045453
           1   -0.682008   -0.682008           0
           2   -0.686848   -0.684428   0.0017112
           3    -0.68368   -0.684179  0.00115882
           4   -0.678112   -0.682662  0.00157498
           5   -0.680872   -0.682304  0.00130004
           6   -0.683032   -0.682425  0.00108901
           7   -0.683272   -0.682546 0.000940131
           8     -0.6828   -0.682578  0.00082315
           9   -0.683488   -0.682679 0.000737872
          10   -0.682176   -0.682629 0.000665798
          11   -0.684232   -0.682775 0.000621018
          12   -0.680552   -0.682589 0.000596246
          13   -0.681408   -0.682498 0.000557263
          14   -0.684816   -0.682664 0.000541488
          15   -0.681456   -0.682583 0.000511342
          16   -0.684592   -0.682709 0.000494552
          17   -0.680536   -0.682581 0.000481697
          18   -0.680672   -0.682475 0.000466467
          19    -0.68496   -0.682606 0.000459885
          20    -0.68528    -0.68274 0.000455913
