0.00912756   -0.000183851   -0.187877
-0.342523   -0.268303   -0.190365
0.270582   -0.276047   -0.3974
0.30591   0.113523   -0.0956724
0.482537   0.186329   -0.261528
0.354605   -0.10032   -0.162645
-0.124374   0.0400588   -0.215796
-0.290357   -0.120427   -0.255963
-0.00520046   0.422459   -0.247792
-0.11793   -0.23374   -0.140195
-0.192119   -0.311401   -0.224866
0.419528   -0.386208   -0.193765
0.259645   0.296154   -0.087152
0.158572   0.027822   0.211952
0.24927   -0.00696047   -0.0599816
0.324193   0.120819   0.325746
-0.123803   0.483866   -0.0732705
-0.311475   -0.192237   0.0136252
0.480947   -0.341405   -0.101389
0.0616799   0.433247   0.251094
-0.0638754   -0.055036   -0.156955
0.0269759   -0.123666   -0.345479
-0.490946   -0.0261996   0.0252979
-0.244405   -0.271639   -0.478021
0.413097   -0.345782   -0.30474
0.22737   -0.460641   0.479246
0.376472   0.0681219   0.105082
-0.067666   -0.176498   0.424987
0.44644   -0.302046   -0.396008
0.292913   0.205995   0.231351
0.356484   -0.0602946   0.379461
-0.370366   0.208786   0.180106
0.0529741   -0.0121606   0.189144
-0.45145   0.170665   0.23174
0.345507   0.366165   -0.249974
0.192487   -0.363427   0.129843
0.20985   0.0939403   0.0791151
0.343184   -0.181469   -0.499786
0.373246   0.129297   -0.303977
0.38499   0.0254872   -0.104631
0.301164   0.464946   0.0453202
0.0109108   0.0906538   0.249188
0.151834   -0.420612   -0.394262
0.457656   -0.31273   -0.173209
0.268415   0.0545208   -0.158304
-0.461325   0.0421438   0.000473894
0.480389   0.289379   -0.412936
-0.148836   0.36834   0.258893
0.027948   -0.474222   0.351242
0.0904381   -0.175236   0.275617
-0.410247   0.27512   -0.0187999
-0.0451398   -0.0219165   -0.258899
-0.00604857   -0.148575   0.388981
-0.202472   -0.285365   -0.317119
-0.249914   0.0398653   -0.42282
0.294016   -0.13236   -0.209829
0.0774851   0.0677395   0.182346
0.204549   0.0976482   0.28356
-0.201439   0.0465326   -0.159869
-0.122063   0.387557   -0.241688
0.0448735   -0.100592   -0.432595
-0.0455232   -0.223639   -0.495784
0.150097   0.345302   -0.420198
0.12026   0.256702   -0.377388
0.202619   0.425485   0.328954
-0.368606   0.185148   -0.0373357
0.413931   0.383191   -0.375411
-0.463232   -0.0409508   -0.366572
-0.339275   0.179819   0.364474
-0.486808   0.00161347   0.198362
-0.0289518   0.130981   0.185671
-0.151019   0.0576191   0.203584
0.266621   0.28221   0.226258
0.0606699   -0.339372   0.394122
-0.421496   -0.32723   -0.307404
-0.473891   0.35042   -0.0254242
-0.108816   -0.0821128   -0.453298
-0.124876   -0.329755   -0.476317
-0.243755   -0.291523   0.307364
0.435008   0.254935   -0.285397
0.266211   -0.0980615   -0.0561146
-0.295931   0.102334   0.0359691
-0.347737   -0.421769   -0.215176
-0.472315   -0.12447   0.205178
0.103521   -0.490375   0.392829
-0.490317   -0.270859   0.465883
-0.0207794   0.0173161   0.373387
0.078105   0.170197   0.244298
0.145588   -0.344305   -0.309781
-0.0595943   0.192514   -0.0112577
0.287158   -0.385844   0.242428
0.441076   0.0198446   0.0423409
0.339938   -0.206745   0.0615194
-0.0217985   -0.369159   -0.490494
0.00445491   -0.0537124   -0.103083
0.474048   -0.12575   0.481081
0.13847   0.496133   -0.32666
-0.365874   -0.273181   -0.466357
0.113466   -0.431843   0.314062
0.256661   0.165545   0.0980184
-0.171931   -0.24232   -0.443964
-0.419874   0.222014   -0.267494
0.450363   0.397331   -0.452631
-0.167706   0.163331   0.133705
0.38843   -0.167717   -0.149001
0.0161153   -0.180059   -0.0179648
-0.231346   0.4802   0.305005
-0.0919187   -0.26036   -0.398522
