-7.83786
-7.79583
-7.72041
-7.62014
-7.50891
-7.38591
-7.25912
-7.13689
-7.02616
-6.93578
-6.87485
-6.84552
-6.84385
-6.86601
-6.90628
-6.95597
-7.00789
-7.05364
-7.0916
-7.1213
-7.14101
-7.14713
-7.14536
-7.13706
-7.12725
-7.11655
-7.10815
-7.10814
-7.11035
-7.12247
-7.14092
-7.16166
-7.18481
-7.20913
-7.23331
-7.25451
-7.27298
-7.291
-7.30234
-7.30956
-7.3157
-7.31857
-7.31715
-7.30921
-7.29713
-7.28356
-7.26342
-7.24243
-7.21757
-7.19446
-7.17111
-7.14913
-7.13255
-7.11915
-7.11273
-7.11296
-7.11928
-7.12819
-7.14076
-7.15595
-7.16915
-7.1814
-7.19241
-7.20192
-7.20938
-7.21153
-7.21341
-7.21341
-7.21012
-7.20706
-7.20275
-7.19804
-7.1963
-7.1987
-7.20095
-7.20471
-7.2094
-7.21719
-7.22594
-7.2327
-7.23928
-7.24616
-7.25135
-7.25442
-7.25398
-7.25056
-7.24724
-7.24103
-7.23376
-7.22527
-7.21941
-7.21295
-7.20259
-7.19611
-7.18954
-7.17861
-7.16801
-7.15357
-7.14153
-7.12948
-7.09991
-7.05849
-7.00479
-6.9457
-6.88564
-6.82961
-6.7817
-6.74591
-6.72439
-6.71971
-6.73145
-6.76089
-6.79975
-6.84529
-6.88815
-6.92356
-6.94731
-6.96297
-6.96492
-6.95672
-6.94175
-6.91809
-6.89417
-6.86699
-6.84404
-6.82688
-6.81495
-6.81216
-6.81402
-6.82255
-6.83673
-6.85175
-6.86995
-6.88584
-6.89808
-6.90645
-6.90792
-6.90587
-6.89881
-6.88923
-6.87976
-6.8719
-6.86751
-6.86696
-6.87002
-6.87324
-6.87537
-6.87404
-6.86797
-6.85693
-6.84228
-6.82523
-6.80865
-6.79604
-6.78662
-6.77942
-6.77756
-6.78016
-6.78603
-6.79639
-6.81097
-6.83403
-6.86283
-6.89807
-6.93715
-6.97933
-7.01872
-7.04925
-7.07245
-7.08314
-7.08289
-7.07144
-7.049
-7.01948
-6.98451
-6.95074
-6.9146
-6.88225
-6.85534
-6.83487
-6.82061
-6.81614
-6.81582
-6.81909
-6.82515
-6.83094
-6.83365
-6.83329
-6.82795
-6.81854
-6.80502
-6.78858
-6.77224
-6.75982
-6.75354
-6.75621
-6.76822
-6.78812
-6.81609
-6.8492
-6.88684
-6.91566
-6.93482
-6.94415
-6.94781
-6.94672
-6.93866
-6.92629
-6.90711
-6.88817
-6.86839
-6.84504
-6.8221
-6.80151
-6.77985
-6.75799
-6.73414
-6.7079
-6.68386
-6.65561
-6.62946
-6.60711
-6.58863
-6.57679
-6.57298
-6.57968
-6.59416
-6.61692
-6.6458
-6.67909
-6.71885
-6.75483
-6.79145
-6.82374
-6.84893
-6.8655
-6.86938
-6.86516
-6.85372
-6.83523
-6.81717
-6.79383
-6.77174
-6.7513
-6.73302
-6.7214
-6.7086
-6.70072
-6.6951
-6.69302
-6.69502
-6.69693
-6.69835
-6.70341
-6.70558
-6.70902
-6.7135
-6.72382
-6.73374
-6.74465
-6.75936
-6.77148
-6.78289
-6.79022
-6.79393
-6.79135
-6.78363
-6.77825
-6.77298
-6.76889
-6.77177
-6.78224
-6.79451
-6.81253
-6.83168
-6.84763
-6.85875
-6.86356
-6.86232
-6.84846
-6.82204
-6.78741
-6.74147
-6.68743
-6.63295
-6.58594
-6.55233
-6.53613
-6.54032
-6.55622
-6.58447
-6.61704
-6.64656
-6.67496
-6.69959
-6.71809
-6.73123
-6.74362
-6.75078
-6.75505
-6.75842
-6.75887
-6.75948
-6.75925
-6.75609
-6.75371
-6.74657
-6.73822
-6.72761
-6.72281
-6.71888
-6.71863
-6.71901
-6.72179
-6.72214
-6.71685
-6.71022
-6.70489
-6.69827
-6.69392
-6.6938
-6.69734
-6.70359
-6.70723
-6.71031
-6.70924
-6.70748
-6.70839
-6.70728
-6.70677
-6.70833
-6.71071
-6.71412
-6.71905
-6.72454
-6.73175
-6.74312
-6.75176
-6.76127
-6.76874
-6.77373
-6.7715
-6.76755
-6.76253
-6.7539
-6.74605
-6.73545
-6.72447
-6.71135
-6.69537
-6.68446
-6.67914
-6.67279
-6.67247
-6.67245
-6.67175
-6.67029
-6.66962
-6.66828
-6.6688
-6.67743
-6.68918
-6.70626
-6.72758
-6.75178
-6.77241
-6.79289
-6.80851
-6.82019
-6.82656
-6.82613
-6.81772
-6.80688
-6.7886
-6.76569
-6.7397
-6.71191
-6.68648
-6.66247
-6.63876
-6.62126
-6.60239
-6.58526
-6.56797
-6.55297
-6.54413
-6.54645
-6.56171
-6.58987
-6.6267
-6.66953
-6.71462
-6.75625
-6.79069
-6.81601
-6.82744
-6.82694
-6.81339
-6.79051
-6.75803
-6.72154
-6.6921
-6.67265
-6.66136
-6.65425
-6.65405
-6.657
-6.6703
-6.68305
-6.70089
-6.72592
-6.75126
-6.77279
-6.78587
-6.79101
-6.78545
-6.77076
-6.74826
-6.72194
-6.69637
-6.6766
-6.66599
-6.67018
-6.68167
-6.70128
-6.7238
-6.74457
-6.75962
-6.76849
-6.76986
-6.76727
-6.75957
-6.75194
-6.74588
-6.73899
-6.73428
-6.72799
-6.72357
-6.71976
-6.71638
-6.71289
-6.71242
-6.71527
-6.71649
-6.71767
-6.71651
-6.71162
-6.70448
-6.69068
-6.67229
-6.652
-6.62879
-6.60339
-6.57653
-6.55563
-6.53951
-6.53137
-6.52986
-6.53848
-6.55358
-6.57902
-6.60653
-6.63729
-6.67234
-6.7067
-6.73844
-6.76547
-6.78831
-6.80878
-6.82488
-6.83379
-6.83561
-6.83268
-6.82074
-6.80374
-6.78317
-6.7605
-6.74078
-6.72572
-6.71789
-6.72551
-6.7393
-6.75949
-6.78029
-6.79344
-6.79859
-6.79425
-6.77792
-6.75297
-6.72319
-6.6927
-6.66385
-6.63983
-6.62186
-6.60989
-6.6014
-6.59808
-6.60036
-6.60703
-6.62169
-6.63337
-6.64298
-6.64983
-6.6504
-6.64791
-6.63841
-6.62647
-6.61482
-6.60605
-6.59653
-6.59129
-6.59031
-6.59839
-6.61349
-6.63973
-6.67304
-6.70583
-6.73522
-6.7595
-6.7731
-6.776
-6.77238
-6.76195
-6.75231
-6.73683
-6.71753
-6.69442
-6.66806
-6.64165
-6.61421
-6.59529
-6.58222
-6.57611
-6.57654
-6.58195
-6.5892
-6.59747
-6.60191
-6.60127
-6.60063
-6.60198
-6.60517
-6.61184
-6.62372
-6.63453
-6.65066
-6.66635
-6.68263
-6.69279
-6.69644
-6.6951
-6.68739
-6.67506
-6.66324
-6.65195
-6.64646
-6.64573
-6.6499
-6.6613
-6.67459
-6.68714
-6.69961
-6.70409
-6.70009
-6.68756
-6.66939
-6.64658
-6.62989
-6.61469
-6.60769
-6.60625
-6.60489
-6.60212
-6.59831
-6.58959
-6.57437
-6.55734
-6.53666
-6.51946
-6.5084
-6.50298
-6.50812
-6.5171
-6.53571
-6.55726
-6.58532
-6.6106
-6.64058
-6.66384
-6.68335
-6.6999
-6.71214
-6.7144
-6.71204
-6.70453
-6.69781
-6.69044
-6.68955
-6.68443
-6.68595
-6.68823
-6.68467
-6.68478
-6.68169
-6.67577
-6.66495
-6.64961
-6.63261
-6.61711
-6.60788
-6.60432
-6.60516
-6.61405
-6.62839
-6.64522
-6.66455
-6.68067
-6.69378
-6.70464
-6.70718
-6.70767
-6.7006
-6.68581
-6.67212
-6.65261
-6.63186
-6.61796
-6.61049
-6.6085
-6.6125
-6.62128
-6.6296
-6.64082
-6.64705
-6.64759
-6.64776
-6.64108
-6.63121
-6.61955
-6.60871
-6.60409
-6.60699
-6.61755
-6.63126
-6.64327
-6.65203
-6.659
-6.66357
-6.66341
-6.65888
-6.64904
-6.63807
-6.62863
-6.62423
-6.62849
-6.63832
-6.64818
-6.65448
-6.65269
-6.64222
-6.62576
-6.60535
-6.58799
-6.57659
-6.5785
-6.59014
-6.60858
-6.6339
-6.65665
-6.67645
-6.68926
-6.70093
-6.70604
-6.70634
-6.70631
-6.70755
-6.71091
-6.71095
-6.70821
-6.70265
-6.6888
-6.67296
-6.66008
-6.647
-6.64005
-6.63709
-6.63583
-6.63452
-6.63056
-6.62487
-6.61984
-6.61797
-6.62434
-6.63947
-6.66299
-6.68893
-6.71354
-6.7328
-6.74489
-6.74694
-6.74069
-6.72997
-6.71018
-6.68891
-6.66538
-6.64505
-6.62496
-6.6071
-6.59115
-6.57812
-6.565
-6.55393
-6.54314
-6.53477
-6.53263
-6.5353
-6.54087
-6.55101
-6.5677
-6.59009
-6.61585
-6.64801
-6.68663
-6.72892
-6.76569
-6.79349
-6.81315
-6.81952
-6.81328
-6.79568
-6.76834
-6.73419
-6.70247
-6.67177
-6.64462
-6.62368
-6.60925
-6.60233
-6.59528
-6.58624
-6.57357
-6.55835
-6.54011
-6.52225
-6.50899
-6.49807
-6.49842
-6.50653
-6.52098
-6.54066
-6.56452
-6.58703
-6.6066
-6.61934
-6.6248
-6.62809
-6.63119
-6.63973
-6.65228
-6.66722
-6.68181
-6.69194
-6.69766
-6.70224
-6.70681
-6.71037
-6.71747
-6.7227
-6.7294
-6.73307
-6.73806
-6.74421
-6.74681
-6.7491
-6.74668
-6.74213
-6.73576
-6.7225
-6.70836
-6.68643
-6.66034
-6.6283
-6.59019
-6.54967
-6.50932
-6.47933
-6.46788
-6.4812
-6.50976
-6.54467
-6.57827
-6.60332
-6.61632
-6.61629
-6.60767
-6.59542
-6.57598
-6.55817
-6.54274
-6.53286
-6.53184
-6.5397
-6.55646
-6.57712
-6.60159
-6.62389
-6.64273
-6.65789
-6.67381
-6.68865
-6.7022
-6.71132
-6.71806
-6.72191
-6.72487
-6.72656
-6.72217
-6.71573
-6.7095
-6.70682
-6.70206
-6.6928
-6.67793
-6.66419
-6.65228
-6.64469
-6.6451
-6.6484
-6.65694
-6.66279
-6.66666
-6.65982
-6.64923
-6.63333
-6.61216
-6.59138
-6.57188
-6.55658
-6.55048
-6.55457
-6.5633
-6.5718
-6.57905
-6.5805
-6.57663
-6.56733
-6.55682
-6.54954
-6.54248
-6.53975
-6.54044
-6.54684
-6.55835
-6.57688
-6.59472
-6.61825
-6.64689
-6.67675
-6.70681
-6.73822
-6.76488
-6.78732
-6.81031
-6.8266
-6.83804
-6.8381
-6.83005
-6.81572
-6.78911
-6.75626
-6.71448
-6.66888
-6.61778
-6.5671
-6.52016
-6.48414
-6.46503
-6.46407
-6.48069
-6.50912
-6.54791
-6.58723
-6.6212
-6.65171
-6.67236
-6.68497
-6.692
-6.69712
-6.6993
-6.70217
-6.7026
-6.70545
-6.70878
-6.71242
-6.71371
-6.70938
-6.70141
-6.68631
-6.66074
-6.63309
-6.60725
-6.58624
-6.57196
-6.56556
-6.57123
-6.58458
-6.60271
-6.62631
-6.64773
-6.66833
-6.68592
-6.70036
-6.71148
-6.72013
-6.72101
-6.71917
-6.71344
-6.69834
-6.67731
-6.65171
-6.62626
-6.59784
-6.57311
-6.55581
-6.54665
-6.5499
-6.56414
-6.58472
-6.61109
-6.63355
-6.65631
-6.67052
-6.67625
-6.67537
-6.66679
-6.65508
-6.64288
-6.63745
-6.64053
-6.6468
-6.65363
-6.65988
-6.66276
-6.66104
-6.65642
-6.65026
-6.648
-6.65096
-6.66038
-6.67258
-6.68453
-6.69602
-6.70476
-6.70563
-6.69533
-6.67857
-6.65489
-6.63077
-6.60978
-6.59209
-6.57926
-6.56899
-6.55372
-6.53968
-6.52128
-6.50316
-6.49315
-6.49465
-6.51254
-6.5446
-6.58363
-6.62481
-6.66843
-6.70838
-6.74013
-6.7638
-6.7819
-6.78824
-6.78688
-6.77517
-6.75449
-6.72714
-6.69538
-6.65992
-6.63083
-6.60592
-6.58947
-6.58026
-6.57788
-6.57916
-6.58217
-6.59094
-6.60656
-6.62315
-6.6428
-6.66374
-6.67674
-6.68579
-6.68861
-6.68493
-6.67333
-6.66073
-6.64903
-6.63318
-6.61486
-6.60269
-6.59069
-6.58218
-6.57874
-6.58104
-6.59182
-6.60545
-6.62176
-6.64049
-6.65756
-6.66901
-6.67569
-6.67612
-6.67117
-6.66448
-6.66006
-6.65622
-6.65251
-6.65347
-6.65297
-6.64923
-6.64587
-6.64022
-6.6376
-6.63235
-6.63044
-6.6273
-6.62532
-6.62269
-6.62174
-6.62329
-6.63043
-6.64105
-6.65155
-6.65707
-6.65381
-6.64621
-6.6356
-6.62341
-6.61337
-6.60865
-6.61041
-6.62161
-6.63367
-6.6507
-6.66095
-6.66732
-6.66528
-6.66254
-6.65677
-6.6523
-6.65402
-6.66195
-6.67477
-6.69007
-6.70831
-6.72203
-6.72878
-6.7266
-6.71411
-6.6924
-6.66244
-6.62774
-6.595
-6.56308
-6.53922
-6.52095
-6.51683
-6.5227
-6.53709
-6.55839
-6.58363
-6.61015
-6.63542
-6.65681
-6.67127
-6.68033
-6.68468
-6.68576
-6.68653
-6.68465
-6.68719
-6.68605
-6.68481
-6.68264
-6.68119
-6.67923
-6.67809
-6.67759
-6.67923
-6.68263
-6.69058
-6.69621
-6.70043
-6.70427
-6.70342
-6.6992
-6.69186
-6.68189
-6.6674
-6.6485
-6.63125
-6.61326
-6.59591
-6.58054
-6.56548
-6.55437
-6.54731
-6.54274
-6.54734
-6.56043
-6.58569
-6.62053
-6.66271
-6.7088
-6.74537
-6.77549
-6.79414
-6.79619
-6.78554
-6.76254
-6.73038
-6.69341
-6.65439
-6.61566
-6.58434
-6.55972
-6.5435
-6.5352
-6.53332
-6.53593
-6.53747
-6.54005
-6.54364
-6.55161
-6.56412
-6.58236
-6.60387
-6.62711
-6.65219
-6.67415
-6.69526
-6.71221
-6.72759
-6.73531
-6.73859
-6.73732
-6.73258
-6.72649
-6.71804
-6.71277
-6.70988
-6.71028
-6.71586
-6.72429
-6.73224
-6.73724
-6.73778
-6.72998
-6.71131
-6.69056
-6.6652
-6.64193
-6.61586
-6.59544
-6.57878
-6.56533
-6.55678
-6.55363
-6.55547
-6.56476
-6.5763
-6.59443
-6.61372
-6.63171
-6.64858
-6.66403
-6.67804
-6.68823
-6.69622
-6.70231
-6.70506
-6.70317
-6.6938
-6.67817
-6.65723
-6.63511
-6.61442
-6.60225
-6.59548
-6.60241
-6.61245
-6.62508
-6.63998
-6.64704
-6.64635
-6.63927
-6.62899
-6.61698
-6.5982
-6.58243
-6.57108
-6.56585
-6.56565
-6.57097
-6.58436
-6.59657
-6.60689
-6.6156
-6.6212
-6.62622
-6.63388
-6.64535
-6.65839
-6.67526
-6.68907
-6.70128
-6.70638
-6.70775
-6.70087
-6.68753
-6.67005
-6.64875
-6.62642
-6.60964
-6.59621
-6.59036
-6.59165
-6.59736
-6.60709
-6.62083
-6.63406
-6.64889
-6.65848
-6.66405
-6.66467
-6.66068
-6.65314
-6.64617
-6.63802
-6.62933
-6.6186
-6.60552
-6.58841
-6.56854
-6.54647
-6.53096
-6.51894
-6.51893
-6.52904
-6.5511
-6.58509
-6.62671
-6.67432
-6.71968
-6.75851
-6.78949
-6.8079
-6.81305
-6.80695
-6.79213
-6.76897
-6.74895
-6.72802
-6.7047
-6.68378
-6.66547
-6.64895
-6.63308
-6.61785
-6.60942
-6.6012
-6.59521
-6.58917
-6.59058
-6.5921
-6.60207
-6.62248
-6.64497
-6.66767
-6.68283
-6.6922
-6.6937
-6.69339
-6.68923
-6.68521
-6.67484
-6.66535
-6.65221
-6.64048
-6.62774
-6.62019
-6.61706
-6.61347
-6.61155
-6.61443
-6.6157
-6.61598
-6.6149
-6.60827
-6.60003
-6.58887
-6.57534
-6.55852
-6.54681
-6.53622
-6.53408
-6.53828
-6.54622
-6.55732
-6.5736
-6.59057
-6.60768
-6.62325
-6.63296
-6.6386
-6.63973
-6.63824
-6.63525
-6.63053
-6.63167
-6.6322
-6.6322
-6.63145
-6.62707
-6.62483
-6.62385
-6.62498
-6.62805
-6.63772
-6.65183
-6.66974
-6.68792
-6.70625
-6.72647
-6.74528
-6.75765
-6.76101
-6.75443
-6.74148
-6.72193
-6.70241
-6.6883
-6.67946
-6.67666
-6.67675
-6.67777
-6.67991
-6.68268
-6.68208
-6.68143
-6.68067
-6.68064
-6.68497
-6.69148
-6.6974
-6.69823
-6.69412
-6.68584
-6.67485
-6.66039
-6.64229
-6.62662
-6.6094
-6.59831
-6.58917
-6.5856
-6.589
-6.59372
-6.60086
-6.60401
-6.60471
-6.59728
-6.58543
-6.56698
-6.54968
-6.52817
-6.51157
-6.4985
-6.49599
-6.50316
-6.51969
-6.54163
-6.56952
-6.59885
-6.62852
-6.65477
-6.67798
-6.69319
-6.70205
-6.70898
-6.71072
-6.70727
-6.70465
-6.70069
-6.7
-6.70313
-6.70659
-6.7091
-6.71265
-6.71635
-6.71441
-6.71254
-6.70589
-6.698
-6.68302
-6.66287
-6.63776
-6.60955
-6.58304
-6.56128
-6.55273
-6.55515
-6.57035
-6.59572
-6.62346
-6.64643
-6.66069
-6.66784
-6.66609
-6.66103
-6.65489
-6.64996
-6.64841
-6.64975
-6.65127
-6.65401
-6.6579
-6.65874
-6.65688
-6.64833
-6.63178
-6.61559
-6.59589
-6.57989
-6.56749
-6.56169
-6.56577
-6.57661
-6.59631
-6.62562
-6.6553
-6.68021
-6.69809
-6.70693
-6.702
-6.68498
-6.66307
-6.63634
-6.60768
-6.58812
-6.57806
-6.58298
-6.60056
-6.63181
-6.66756
-6.70577
-6.73537
-6.75526
-6.76048
-6.75677
-6.74617
-6.72683
-6.7068
-6.68445
-6.66215
-6.64212
-6.62197
-6.60378
-6.58595
-6.57106
-6.55863
-6.55367
-6.55392
-6.55937
-6.56814
-6.5765
-6.58576
-6.59743
-6.60953
-6.6261
-6.6433
-6.66108
-6.67802
-6.69115
-6.7014
-6.70434
-6.70186
-6.69657
-6.68712
-6.67495
-6.66351
-6.6551
-6.64692
-6.63589
