-6.64806
-6.64108
-6.62454
-6.60502
-6.59333
-6.58385
-6.57775
-6.57483
-6.57255
-6.57075
-6.57171
-6.57439
-6.5758
-6.5766
-6.57794
-6.57884
-6.57939
-6.57717
-6.57492
-6.57478
-6.57593
-6.57427
-6.57382
-6.57333
-6.57478
-6.57557
-6.57597
-6.5798
-6.5795
-6.58242
-6.58556
-6.58626
-6.58645
-6.58678
-6.58761
-6.58737
-6.58708
-6.58936
-6.58808
-6.58581
-6.58579
-6.58606
-6.58598
-6.58359
-6.58153
-6.5824
-6.58073
-6.58144
-6.58034
-6.58165
-6.58183
-6.58087
-6.58133
-6.57993
-6.57987
-6.58074
-6.58251
-6.58256
-6.58312
-6.58452
-6.58352
-6.58241
-6.58186
-6.58225
-6.58327
-6.58171
-6.58244
-6.58354
-6.58307
-6.58397
-6.58398
-6.5831
-6.58391
-6.58703
-6.58789
-6.5881
-6.5873
-6.58807
-6.58879
-6.58717
-6.58578
-6.58594
-6.58636
-6.58708
-6.58683
-6.58597
-6.58711
-6.58668
-6.58598
-6.58436
-6.58533
-6.58566
-6.58209
-6.58268
-6.58389
-6.58182
-6.58137
-6.57834
-6.57861
-6.57898
-5.9239
-5.92256
-5.92037
-5.91935
-5.91882
-5.91906
-5.92001
-5.92195
-5.92386
-5.92592
-5.92697
-5.92997
-5.93083
-5.93267
-5.93232
-5.93022
-5.9259
-5.92501
-5.92253
-5.92117
-5.92233
-5.92121
-5.92301
-5.92156
-5.92162
-5.92282
-5.92315
-5.9258
-5.92615
-5.92674
-5.92781
-5.92641
-5.92705
-5.92649
-5.92544
-5.92523
-5.92369
-5.92415
-5.9241
-5.92428
-5.92501
-5.9256
-5.92631
-5.927
-5.9282
-5.92821
-5.928
-5.92729
-5.92617
-5.92476
-5.9235
-5.92181
-5.92033
-5.92063
-5.92068
-5.91912
-5.91916
-5.92015
-5.92086
-5.92196
-5.92221
-5.92481
-5.92644
-5.92829
-5.92956
-5.93243
-5.93461
-5.93355
-5.93384
-5.93238
-5.93154
-5.93079
-5.92895
-5.92767
-5.92602
-5.92788
-5.92707
-5.92744
-5.92865
-5.93
-5.93013
-5.93246
-5.93239
-5.93112
-5.93025
-5.92915
-5.92721
-5.92611
-5.92494
-5.92478
-5.92476
-5.92432
-5.92385
-5.92403
-5.92413
-5.925
-5.9265
-5.92788
-5.93072
-5.93372
-5.65408
-5.65468
-5.65294
-5.64923
-5.6478
-5.64906
-5.6495
-5.65012
-5.64669
-5.64497
-5.64327
-5.63895
-5.63623
-5.63708
-5.63796
-5.6395
-5.63976
-5.63838
-5.63994
-5.63768
-5.63686
-5.63752
-5.63773
-5.63843
-5.63958
-5.64272
-5.64488
-5.64697
-5.64793
-5.64773
-5.65054
-5.64856
-5.64888
-5.64928
-5.64944
-5.64979
-5.64719
-5.64598
-5.64561
-5.64389
-5.64566
-5.64306
-5.64122
-5.63975
-5.63867
-5.64185
-5.64088
-5.64154
-5.6412
-5.64148
-5.64331
-5.64315
-5.64128
-5.64259
-5.64098
-5.64039
-5.63989
-5.64335
-5.64421
-5.64406
-5.6464
-5.64601
-5.64641
-5.646
-5.64649
-5.6454
-5.64287
-5.64416
-5.64442
-5.64229
-5.64189
-5.6434
-5.64186
-5.64301
-5.64458
-5.6446
-5.64377
-5.64272
-5.64375
-5.64203
-5.63893
-5.63911
-5.63823
-5.63618
-5.63512
-5.63578
-5.63705
-5.63826
-5.64159
-5.64126
-5.64296
-5.64414
-5.64203
-5.64164
-5.64182
-5.64068
-5.63893
-5.64079
-5.64112
-5.64125
-5.55662
-5.55684
-5.5578
-5.55808
-5.55631
-5.55734
-5.55642
-5.55659
-5.55504
-5.55759
-5.55764
-5.55793
-5.55673
-5.55792
-5.55861
-5.55669
-5.55615
-5.5581
-5.55768
-5.55644
-5.55552
-5.5551
-5.55608
-5.55527
-5.556
-5.55484
-5.55443
-5.55704
-5.55712
-5.5569
-5.55766
-5.5581
-5.55825
-5.5584
-5.55758
-5.55706
-5.55971
-5.55937
-5.56055
-5.5613
-5.562
-5.55844
-5.55649
-5.55654
-5.55538
-5.55656
-5.55611
-5.55661
-5.55649
-5.55423
-5.5558
-5.55918
-5.55672
-5.55664
-5.55565
-5.55486
-5.55474
-5.55605
-5.55562
-5.55407
-5.55618
-5.55636
-5.55711
-5.55838
-5.56043
-5.55872
-5.55874
-5.55764
-5.55772
-5.55841
-5.55844
-5.55656
-5.55795
-5.55714
-5.55611
-5.55522
-5.55418
-5.55528
-5.55586
-5.55389
-5.55541
-5.55389
-5.55359
-5.55271
-5.55211
-5.55222
-5.55402
-5.5563
-5.55877
-5.5596
-5.56001
-5.56062
-5.56015
-5.55898
-5.5585
-5.55625
-5.55523
-5.5543
-5.55558
-5.55508
-5.55379
-5.55356
-5.55453
-5.55439
-5.55137
-5.55077
-5.54983
-5.55516
-5.55474
-5.55395
-5.55618
-5.55741
-5.55728
-5.55486
-5.55354
-5.55185
-5.55095
-5.55002
-5.54951
-5.54947
-5.55022
-5.55097
-5.55507
-5.55539
-5.55593
-5.55629
-5.55656
-5.55625
-5.55652
-5.55593
-5.55649
-5.55501
-5.55466
-5.55569
-5.55513
-5.55586
-5.5543
-5.55404
-5.55378
-5.55321
-5.55169
-5.55213
-5.55481
-5.55516
-5.55572
-5.55549
-5.55447
-5.55532
-5.55419
-5.55311
-5.55407
-5.55485
-5.55452
-5.55182
-5.55193
-5.55158
-5.55233
-5.55185
-5.55331
-5.55341
-5.55694
-5.55708
-5.55671
-5.55874
-5.55995
-5.56005
-5.55839
-5.55663
-5.55741
-5.55913
-5.55921
-5.55797
-5.55801
-5.55514
-5.55298
-5.55197
-5.55125
-5.55253
-5.55356
-5.55326
-5.5579
-5.55875
-5.55945
-5.55958
-5.55659
-5.55455
-5.55435
-5.55333
-5.55262
-5.55233
-5.55242
-5.55182
-5.55167
-5.5525
-5.5543
-5.5545
-5.55442
-5.55432
-5.55348
-5.5567
-5.42121
-5.42116
-5.42235
-5.42186
-5.42331
-5.42228
-5.42151
-5.42099
-5.42154
-5.41916
-5.41878
-5.41897
-5.42173
-5.42239
-5.42456
-5.42666
-5.42593
-5.42503
-5.42641
-5.42643
-5.42466
-5.42342
-5.42042
-5.422
-5.42131
-5.4206
-5.41992
-5.41905
-5.41938
-5.41739
-5.41987
-5.42189
-5.4233
-5.42396
-5.42405
-5.4232
-5.42339
-5.42183
-5.418
-5.41625
-5.41695
-5.41814
-5.42009
-5.4237
-5.42245
-5.42334
-5.42237
-5.42336
-5.42248
-5.42146
-5.42241
-5.4229
-5.42237
-5.42309
-5.42244
-5.42357
-5.42415
-5.42376
-5.42521
-5.42479
-5.42275
-5.42326
-5.42185
-5.42032
-5.41888
-5.4184
-5.4161
-5.4184
-5.41737
-5.41858
-5.42055
-5.4203
-5.41914
-5.41975
-5.41961
-5.41755
-5.41757
-5.4159
-5.41682
-5.41968
-5.42114
-5.4246
-5.42345
-5.42472
-5.42354
-5.4254
-5.42287
-5.42532
-5.42337
-5.42188
-5.42319
-5.42674
-5.42651
-5.42645
-5.42403
-5.42309
-5.42063
-5.42307
-5.41965
-5.42168
-5.42396
-5.42065
-5.42211
-5.42249
-5.42311
-5.42243
-5.42054
-5.41885
-5.41809
-5.4202
-5.42216
-5.42157
-5.42221
-5.42266
-5.42221
-5.42345
-5.42289
-5.42222
-5.42309
-5.42031
-5.42101
-5.42037
-5.41818
-5.42201
-5.42257
-5.42121
-5.42272
-5.4244
-5.42444
-5.42404
-5.42374
-5.4206
-5.42046
-5.41782
-5.41404
-5.41571
-5.41618
-5.41754
-5.41826
-5.4174
-5.41711
-5.41718
-5.41863
-5.42004
-5.42017
-5.41957
-5.41968
-5.41972
-5.41888
-5.41955
-5.42044
-5.42213
-5.42235
-5.42086
-5.42055
-5.42082
-5.42061
-5.42096
-5.42047
-5.41939
-5.41889
-5.41753
-5.41762
-5.41749
-5.42113
-5.42406
-5.42507
-5.42794
-5.42747
-5.42702
-5.42482
-5.4272
-5.42752
-5.42518
-5.42235
-5.41984
-5.41941
-5.41778
-5.4176
-5.41997
-5.41892
-5.41879
-5.42154
-5.42129
-5.42273
-5.42376
-5.42361
-5.42287
-5.42131
-5.42075
-5.4221
-5.42393
-5.42651
-5.42755
-5.42792
-5.42613
-5.42384
-5.42151
-5.41998
-5.41746
-5.41535
-5.4163
-5.4139
-5.41365
-5.41265
-5.41439
-5.41461
-5.41483
-5.41499
-5.41672
-5.41745
-5.4192
-5.41945
-5.41915
-5.4212
-5.42359
-5.42437
-5.42516
-5.42762
-5.43018
-5.42957
-5.42859
-5.42865
-5.43025
-5.42877
-5.42528
-5.42409
-5.42214
-5.42055
-5.41948
-5.41807
-5.41576
-5.41773
-5.41876
-5.41839
-5.41776
-5.41734
-5.41992
-5.42059
-5.42034
-5.41964
-5.42025
-5.42073
-5.42186
-5.42432
-5.42253
-5.42343
-5.42329
-5.42198
-5.42073
-5.42142
-5.4218
-5.42322
-5.42359
-5.42216
-5.42171
-5.42064
-5.42171
-5.4227
-5.42375
-5.42514
-5.42511
-5.42416
-5.42435
-5.42503
-5.42386
-5.42495
-5.42336
-5.42331
-5.42095
-5.42087
-5.42273
-5.42196
-5.42241
-5.42051
-5.41953
-5.42015
-5.41751
-5.41803
-5.41557
-5.41463
-5.41401
-5.41317
-5.41367
-5.41319
-5.41423
-5.41635
-5.42111
-5.42249
-5.42146
-5.42084
-5.4204
-5.41952
-5.41715
-5.41598
-5.41834
-5.41776
-5.4198
-5.42156
-5.42267
-5.42366
-5.42364
-5.42401
-5.42303
-5.42431
-5.42472
-5.42443
-5.42322
-5.4247
-5.42622
-5.42741
-5.4256
-5.4237
-5.42206
-5.42302
-5.4257
-5.42399
-5.42047
-5.41662
-5.41651
-5.4165
-5.41603
-5.41437
-5.41626
-5.41857
-5.4199
-5.42192
-5.42047
-5.42119
-5.42025
-5.42163
-5.4184
-5.41778
-5.41759
-5.41659
-5.41844
-5.42071
-5.42181
-5.42285
-5.42405
-5.42314
-5.42072
-5.42052
-5.42052
-5.42128
-5.42098
-5.42127
-5.42405
-5.42439
-5.42515
-5.42467
-5.42486
-5.42504
-5.42743
-5.42491
-5.42458
-5.42645
-5.42728
-5.42702
-5.42822
-5.42635
-5.42338
-5.42517
-5.42555
-5.42745
-5.42536
-5.42352
-5.42425
-5.42145
-5.42067
-5.41836
-5.41848
-5.41726
-5.41712
-5.41626
-5.41599
-5.41709
-5.41826
-5.41981
-5.41988
-5.4226
-5.42382
-5.42237
-5.42331
-5.4216
-5.41898
-5.41684
-5.41716
-5.41701
-5.41831
-5.41676
-5.41684
-5.41685
-5.41768
-5.41833
-5.4175
-5.4188
-5.41946
-5.41542
-5.41295
-5.41278
-5.41426
-5.41602
-5.41696
-5.42048
-5.42289
-5.4234
-5.42557
-5.42456
-5.42402
-5.42307
-5.4221
-5.42111
-5.42135
-5.41826
-5.41798
-5.42022
-5.41987
-5.41995
-5.42024
-5.42307
-5.42233
-5.42156
-5.42171
-5.42108
-5.42247
-5.42442
-5.42413
-5.42471
-5.42094
-5.42134
-5.42019
-5.41929
-5.42045
-5.42059
-5.42082
-5.41953
-5.42043
-5.42364
-5.42469
-5.42378
-5.4232
-5.42277
-5.42205
-5.42154
-5.42003
-5.42008
-5.42091
-5.42302
-5.42367
-5.42209
-5.42115
-5.42184
-5.42169
-5.41887
-5.41782
-5.41579
-5.41548
-5.41648
-5.41661
-5.41756
-5.41921
-5.41673
-5.41834
-5.41849
-5.41879
-5.42107
-5.42226
-5.42413
-5.42626
-5.42623
-5.42442
-5.42548
-5.42659
-5.42556
-5.42409
-5.42549
-5.42395
-5.4237
-5.42215
-5.42036
-5.41939
-5.41907
-5.41655
-5.41796
-5.41798
-5.41935
-5.42098
-5.42346
-5.42457
-5.42278
-5.42196
-5.42336
-5.42202
-5.42205
-5.42438
-5.42258
-5.42259
-5.4229
-5.42298
-5.42027
-5.4203
-5.4234
-5.42308
-5.41966
-5.42054
-5.4189
-5.41734
-5.41681
-5.41731
-5.42108
-5.42253
-5.42253
-5.4229
-5.42263
-5.42078
-5.42043
-5.42047
-5.42012
-5.42008
-5.42156
-5.42146
-5.41964
-5.42189
-5.42339
-5.42294
-5.42385
-5.42259
-5.42366
-5.42115
-5.42149
-5.42079
-5.42173
-5.42183
-5.42179
-5.42061
-5.42068
-5.42116
-5.4216
-5.42074
-5.41744
-5.4168
-5.41839
-5.42006
-5.42148
-5.4225
-5.4226
-5.42515
-5.42382
-5.42632
-5.42459
-5.4243
-5.42178
-5.42338
-5.42373
-5.42346
-5.4244
-5.42505
-5.42459
-5.42285
-5.42366
-5.42316
-5.42205
-5.42076
-5.41937
-5.41906
-5.41902
-5.41938
-5.42247
-5.42272
-5.4239
-5.42134
-5.42269
-5.42397
-5.42479
-5.42537
-5.42534
-5.42502
-5.42474
-5.42428
-5.42209
-5.42024
-5.41882
-5.41788
-5.41873
-5.41772
-5.42128
-5.42127
-5.42126
-5.4203
-5.41997
-5.4193
-5.41963
-5.42007
-5.42094
-5.42118
-5.42392
-5.42357
-5.42275
-5.42378
-5.42312
-5.42246
-5.42212
-5.42245
-5.42121
-5.41808
-5.41829
-5.41831
-5.41841
-5.4192
-5.41873
-5.42026
-5.4229
-5.4232
-5.42509
-5.42525
-5.42606
-5.42597
-5.42639
-5.42915
-5.42651
-5.42637
-5.42699
-5.42464
-5.42304
-5.421
-5.41924
-5.41911
-5.4197
-5.41912
-5.4202
-5.41949
-5.41836
-5.41799
-5.41903
-5.42151
-5.4213
-5.42109
-5.42034
-5.42104
-5.42186
-5.42333
-5.42368
-5.42317
-5.42408
-5.42322
-5.42419
-5.42447
-5.42699
-5.42592
-5.42482
-5.42372
-5.42336
-5.42448
-5.4239
-5.42483
-5.42461
-5.42313
-5.42252
-5.42202
-5.4209
-5.41979
-5.42006
-5.41959
-5.41596
-5.41644
-5.41592
-5.41825
-5.41622
-5.41689
-5.41762
-5.4174
-5.41755
-5.41809
-5.41802
-5.41956
-5.41808
-5.41934
-5.41976
-5.41872
-5.41787
-5.41793
-5.41928
-5.41937
-5.41948
-5.41988
-5.41984
-5.41963
-5.41799
-5.41671
-5.41565
-5.41593
-5.41601
-5.41874
-5.41807
-5.42183
-5.42168
-5.4211
-5.42401
-5.42346
-5.4212
-5.41895
-5.4194
-5.42262
-5.42126
-5.42215
-5.42366
-5.42501
-5.42412
-5.4221
-5.42368
-5.42268
-5.42114
-5.42084
-5.42001
-5.41941
-5.41998
-5.4213
-5.42092
-5.4226
-5.42176
-5.42232
-5.42077
-5.42172
-5.42107
-5.42017
-5.42011
-5.419
-5.41689
-5.41762
-5.41687
-5.41782
-5.41972
-5.42026
-5.42001
-5.42055
-5.41955
-5.42155
-5.42177
-5.42258
-5.42312
-5.42282
-5.42136
-5.42161
-5.42124
-5.42112
-5.42057
-5.42028
-5.41901
-5.41753
-5.41467
-5.41635
-5.41611
-5.41909
-5.42094
-5.42248
-5.42449
-5.42518
-5.42702
-5.42673
-5.425
-5.42457
-5.42331
-5.42142
-5.42003
-5.41927
-5.41626
-5.41906
-5.42108
-5.4196
-5.4191
-5.41988
-5.42101
-5.42091
-5.41892
-5.42111
-5.4213
-5.42209
-5.42131
-5.42527
-5.42401
-5.42353
-5.4258
-5.42565
-5.4263
-5.42435
-5.42363
-5.42175
-5.42299
-5.42341
-5.42584
-5.42343
-5.42329
-5.42063
-5.41968
-5.41692
-5.41746
-5.41999
-5.41957
-5.41877
-5.42145
-5.42208
-5.42229
-5.42273
-5.42016
-5.41918
-5.41856
-5.41806
-5.41517
-5.41607
-5.41458
-5.41644
-5.41895
-5.41977
-5.4192
-5.42043
-5.42052
-5.42074
-5.4214
-5.41998
-5.41918
-5.41845
-5.41852
-5.41877
-5.41724
-5.42031
-5.42138
-5.42137
-5.42126
-5.41886
-5.41949
-5.42065
-5.42105
-5.41894
-5.41873
-5.41905
-5.42054
-5.42067
-5.42006
-5.42157
-5.42381
-5.42446
-5.42361
-5.42174
-5.42171
-5.42013
-5.41933
-5.42049
-5.42111
-5.42194
-5.42158
-5.42035
-5.42028
-5.42178
-5.42104
-5.421
-5.42075
-5.41996
-5.42146
-5.4235
-5.42499
-5.42368
-5.42158
-5.42014
-5.4204
-5.42047
-5.41875
-5.41977
-5.41803
-5.41968
-5.41918
-5.41935
-5.42172
-5.42195
-5.42353
-5.42288
-5.42399
-5.42244
-5.42195
-5.41904
-5.41957
-5.41611
-5.41548
-5.41381
-5.41561
-5.41817
-5.42069
-5.42042
-5.42049
-5.41958
-5.41969
-5.41958
-5.42131
-5.42072
-5.41953
-5.42137
-5.42172
-5.41927
-5.41889
-5.41731
-5.4181
-5.42091
-5.42178
-5.41995
-5.41862
-5.41844
-5.41493
-5.41458
-5.4132
-5.41499
-5.41477
-5.41487
-5.41509
-5.41528
-5.41657
-5.41707
-5.42056
-5.42192
-5.42309
-5.42473
-5.42505
-5.42375
-5.42211
-5.42343
-5.42382
-5.42465
-5.42417
-5.42279
-5.42264
-5.42376
-5.42358
-5.42335
-5.42394
-5.42302
-5.42318
-5.42197
-5.41824
-5.41893
-5.41764
-5.41859
-5.41884
-5.41897
-5.42053
-5.41951
-5.41867
-5.42106
-5.42137
-5.41925
-5.41705
-5.4162
-5.41369
-5.41069
-5.41192
-5.41332
-5.41265
-5.41572
-5.41823
-5.42228
-5.42434
-5.42733
-5.4271
-5.42842
-5.4269
-5.42605
-5.42259
-5.42128
-5.42157
-5.41859
-5.41777
-5.41577
-5.41414
-5.41479
-5.41515
-5.41687
-5.41742
-5.41782
-5.41608
-5.41632
-5.41647
-5.41776
-5.41988
-5.42029
-5.42072
-5.4222
-5.42182
-5.42307
-5.42259
-5.42191
-5.42166
-5.42092
-5.42202
-5.42115
-5.42003
-5.42032
-5.41945
-5.41742
-5.41647
-5.41815
-5.41949
-5.41758
