1.1898
1.15475
1.09587
1.01512
0.915578
0.802059
0.681374
0.562059
0.45361
0.365031
0.303138
0.271121
0.268051
0.28941
0.328339
0.377129
0.428505
0.476476
0.516679
0.546522
0.565079
0.572861
0.571539
0.563731
0.552472
0.540982
0.532176
0.528338
0.530847
0.540052
0.55536
0.575396
0.598366
0.622354
0.645704
0.667148
0.685903
0.70164
0.714265
0.723749
0.729913
0.732505
0.731173
0.725611
0.715597
0.701162
0.682683
0.660989
0.637229
0.612805
0.589279
0.568262
0.551221
0.539216
0.532867
0.532218
0.536767
0.545632
0.557633
0.571427
0.585629
0.598988
0.610544
0.619668
0.626103
0.629822
0.630966
0.629876
0.62705
0.623098
0.618774
0.61494
0.612394
0.611676
0.613061
0.616609
0.622098
0.629115
0.637146
0.645536
0.653494
0.660216
0.664981
0.667333
0.667143
0.664595
0.660136
0.654351
0.647776
0.640917
0.634075
0.627285
0.620499
0.613429
0.605649
0.596793
0.586648
0.575227
0.562919
0.550506
1.17602
1.13593
1.08442
1.02635
0.966818
0.910548
0.861692
0.82396
0.800534
0.793788
0.80448
0.830916
0.868925
0.912612
0.955836
0.99334
1.02141
1.03796
1.04239
1.03555
1.01942
0.996877
0.971151
0.945434
0.922419
0.904065
0.891797
0.886359
0.887868
0.895807
0.908918
0.925345
0.942907
0.959355
0.972648
0.981224
0.984231
0.98172
0.974708
0.964955
0.954756
0.946297
0.941193
0.939958
0.94182
0.945032
0.947368
0.94675
0.9418
0.93217
0.918772
0.903423
0.888322
0.875406
0.865931
0.860297
0.858395
0.860001
0.865168
0.874431
0.888759
0.909221
0.936389
0.969788
1.00759
1.0469
1.08411
1.1157
1.13861
1.15076
1.15135
1.14064
1.12005
1.09181
1.0585
1.02286
0.98753
0.954807
0.926691
0.904866
0.890487
0.883673
0.883435
0.887967
0.894902
0.901785
0.906439
0.907188
0.903017
0.893758
0.880259
0.864258
0.848384
0.835792
0.829412
0.83121
0.841726
0.860243
0.885377
0.915483
1.23277
1.26098
1.28188
1.29492
1.30002
1.29766
1.28916
1.27617
1.26042
1.2432
1.22512
1.20609
1.18587
1.16443
1.14189
1.11849
1.09438
1.06952
1.04392
1.01793
0.992604
0.969593
0.950892
0.938355
0.933397
0.936965
0.949278
0.96995
0.997868
1.03136
1.06831
1.10627
1.14257
1.17447
1.19948
1.21571
1.22219
1.21918
1.20811
1.19133
1.17152
1.15077
1.13053
1.11155
1.09435
1.07954
1.06772
1.05919
1.05389
1.05155
1.0517
1.05378
1.05706
1.06082
1.0646
1.06863
1.07361
1.08047
1.08953
1.10059
1.11297
1.12547
1.13648
1.14423
1.14744
1.14595
1.14076
1.13409
1.12856
1.1266
1.12989
1.13884
1.15266
1.16952
1.18711
1.20303
1.21499
1.22084
1.21857
1.20643
1.18311
1.14829
1.10324
1.05125
0.99783
0.950156
0.915289
0.897878
0.898729
0.914962
0.941509
0.972903
1.00454
1.03333
1.05777
1.0774
1.09229
1.10283
1.10966
1.11381
1.20181
1.20203
1.20169
1.20118
1.19978
1.19637
1.19015
1.18163
1.17256
1.16522
1.16124
1.1607
1.16227
1.16388
1.16352
1.16016
1.15407
1.14679
1.14059
1.13747
1.13828
1.14224
1.1475
1.15196
1.15431
1.1544
1.15305
1.15135
1.15016
1.14987
1.15067
1.15261
1.15588
1.16065
1.16696
1.1747
1.18341
1.19239
1.20073
1.20744
1.21174
1.21306
1.21106
1.20599
1.19852
1.1895
1.17933
1.16786
1.15487
1.14114
1.12866
1.11995
1.11606
1.11584
1.1168
1.11689
1.11555
1.11357
1.11266
1.11473
1.12125
1.13282
1.14915
1.1692
1.19136
1.21369
1.23414
1.25087
1.26247
1.26815
1.26769
1.26117
1.24893
1.23146
1.20958
1.18449
1.15773
1.13121
1.10661
1.08487
1.06585
1.04849
1.03167
1.01525
1.00086
0.991904
0.992429
1.00541
1.0311
1.0671
1.10952
1.154
1.1961
1.23171
1.25751
1.27119
1.27171
1.25909
1.23494
1.20295
1.16775
1.13854
1.11812
1.10698
1.10287
1.10328
1.10718
1.11514
1.12831
1.14694
1.16974
1.19386
1.21551
1.23101
1.23747
1.2336
1.21981
1.19825
1.17243
1.14689
1.12639
1.11501
1.11511
1.12628
1.14535
1.1675
1.18801
1.20337
1.21196
1.21393
1.21078
1.20456
1.19728
1.19019
1.18386
1.17842
1.17369
1.16953
1.16598
1.16317
1.1612
1.16029
1.16046
1.16132
1.16195
1.16103
1.15715
1.14916
1.13649
1.11918
1.09793
1.07394
1.04887
1.02471
1.0037
0.987927
0.979034
0.978004
0.985169
1.00017
1.02207
1.04945
1.08058
1.1136
1.14674
1.17839
1.20708
1.23168
1.25137
1.26575
1.27458
1.27764
1.27467
1.2656
1.25076
1.2312
1.20925
1.18825
1.17216
1.16462
1.16762
1.18056
1.20003
1.22071
1.23685
1.24404
1.23989
1.22459
1.20035
1.17086
1.14028
1.11203
1.08816
1.06935
1.05559
1.0469
1.04367
1.04604
1.05355
1.06499
1.21216
1.22182
1.22749
1.22854
1.22461
1.21613
1.20496
1.19383
1.18452
1.17738
1.17251
1.17134
1.17667
1.1911
1.21516
1.24638
1.2799
1.3102
1.3331
1.34667
1.35134
1.34896
1.34153
1.33031
1.31552
1.29693
1.2745
1.24901
1.22227
1.19682
1.17542
1.16033
1.15281
1.15258
1.15789
1.16599
1.17408
1.18008
1.18328
1.18437
1.18503
1.18703
1.19175
1.20002
1.21208
1.22733
1.24399
1.25927
1.27031
1.27499
1.27269
1.26449
1.25269
1.24015
1.22951
1.22288
1.22158
1.22615
1.23609
1.2498
1.26438
1.27635
1.28224
1.27977
1.26868
1.25099
1.23048
1.21148
1.19732
1.18911
1.1857
1.18459
1.18297
1.17857
1.16998
1.15682
1.13977
1.12076
1.10264
1.08872
1.08184
1.08351
1.09365
1.11098
1.13372
1.15992
1.18773
1.21525
1.24047
1.26147
1.27671
1.28541
1.2879
1.28558
1.2805
1.27472
1.26981
1.26648
1.26478
1.26427
1.26427
1.26402
1.26267
1.2592
1.25266
1.24253
1.22907
1.21376
1.19901
1.18768
1.18216
1.18358
1.19184
1.20573
1.22301
1.2411
1.25778
1.27156
1.28155
1.28687
1.28666
1.28023
1.26763
1.2501
1.23003
1.21065
1.19523
1.18609
1.18406
1.18846
1.19754
1.20899
1.22036
1.22923
1.23354
1.23205
1.2249
1.21368
1.20129
1.19131
1.18697
1.18982
1.19891
1.21122
1.2231
1.23246
1.23932
1.24386
1.24454
1.23934
1.2286
1.21593
1.20627
1.20337
1.20794
1.21751
1.22757
1.23352
1.23222
1.22283
1.20687
1.18782
1.17037
1.1591
1.15737
1.16608
1.1835
1.20596
1.22918
1.24943
1.26444
1.27373
1.27853
1.28116
1.28395
1.28771
1.2915
1.29317
1.29061
1.28268
1.26988
1.25417
1.23854
1.22571
1.21732
1.21333
1.21222
1.21164
1.20925
1.20412
1.19774
1.19404
1.19783
1.21192
1.23507
1.2628
1.2897
1.31129
1.3249
1.32948
1.32534
1.31367
1.29627
1.27526
1.25274
1.23066
1.21035
1.19228
1.17616
1.1614
1.14756
1.13473
1.1237
1.11562
1.11144
1.11171
1.1165
1.12585
1.14007
1.15991
1.18628
1.21942
1.25798
1.29867
1.33691
1.36821
1.38906
1.39738
1.39273
1.3762
1.35027
1.31843
1.28474
1.25302
1.22623
1.20592
1.19191
1.18241
1.17469
1.1659
1.15392
1.1381
1.11938
1.10039
1.08467
1.07554
1.07499
1.08324
1.099
1.11993
1.14309
1.16523
1.18338
1.19576
1.20264
1.20638
1.21054
1.21802
1.22958
1.24347
1.25667
1.26683
1.2735
1.27789
1.28177
1.28651
1.29252
1.29934
1.30608
1.31211
1.31719
1.32148
1.32485
1.32669
1.32617
1.32259
1.31561
1.305
1.29032
1.27087
1.24571
1.21429
1.17701
1.136
1.09613
1.0651
1.05153
1.06009
1.08727
1.12321
1.15743
1.18293
1.19679
1.19913
1.19169
1.17708
1.15823
1.13838
1.12118
1.11019
1.10818
1.11606
1.13245
1.15409
1.17728
1.19917
1.2183
1.23467
1.24912
1.26243
1.2748
1.28572
1.29436
1.29985
1.30185
1.30086
1.29818
1.29526
1.29288
1.29031
1.28557
1.27677
1.26356
1.24794
1.23371
1.22479
1.22317
1.22794
1.23575
1.24254
1.24503
1.24142
1.23145
1.21574
1.19557
1.17294
1.15118
1.13477
1.12763
1.13051
1.14016
1.15108
1.15853
1.15998
1.15535
1.14636
1.13555
1.12549
1.11809
1.1146
1.11577
1.12197
1.13331
1.14945
1.16981
1.19368
1.22044
1.24947
1.27979
1.31
1.33853
1.36394
1.38514
1.40104
1.4106
1.41274
1.40654
1.39147
1.36765
1.33559
1.29611
1.2504
1.20052
1.14998
1.10389
1.06814
1.04794
1.04581
1.06088
1.08924
1.12531
1.16342
1.19882
1.22841
1.25077
1.26599
1.27516
1.27997
1.28229
1.28386
1.28584
1.28861
1.29193
1.29474
1.29537
1.29188
1.2826
1.26684
1.24532
1.22015
1.19447
1.17198
1.15594
1.1486
1.15075
1.1617
1.17931
1.20074
1.22317
1.24432
1.26285
1.27826
1.29037
1.29879
1.30275
1.30119
1.29323
1.27847
1.25736
1.23147
1.2032
1.17551
1.15154
1.1341
1.12557
1.12742
1.13971
1.16059
1.18638
1.2126
1.23498
1.25033
1.25696
1.25493
1.2462
1.23426
1.22335
1.21701
1.21689
1.22211
1.22985
1.23668
1.23999
1.23899
1.23488
1.23023
1.22792
1.23005
1.23735
1.24891
1.26245
1.27487
1.28292
1.28394
1.27646
1.26076
1.23909
1.21529
1.1933
1.17548
1.1617
1.14978
1.13698
1.12133
1.10279
1.08438
1.07208
1.07239
1.08841
1.11835
1.1574
1.20039
1.24295
1.28179
1.31457
1.33971
1.35641
1.36429
1.36319
1.35302
1.33413
1.30775
1.27631
1.24337
1.21287
1.18794
1.17011
1.15928
1.15442
1.15458
1.1594
1.16898
1.1832
1.20112
1.22075
1.23936
1.25416
1.2632
1.2657
1.26195
1.25306
1.24043
1.22563
1.2101
1.1952
1.18215
1.17178
1.16484
1.16193
1.16373
1.17074
1.18291
1.19923
1.21759
1.23494
1.24822
1.25526
1.25565
1.25105
1.2444
1.2385
1.23477
1.23287
1.23158
1.22958
1.2263
1.22202
1.21763
1.21394
1.2112
1.20895
1.20651
1.20359
1.20086
1.19995
1.20268
1.20975
1.21988
1.22995
1.23633
1.23637
1.22941
1.21721
1.20335
1.19189
1.18615
1.18781
1.19646
1.20984
1.22438
1.23636
1.24302
1.24351
1.23916
1.23304
1.22884
1.22962
1.23689
1.25018
1.26723
1.28465
1.29887
1.30673
1.30584
1.29474
1.27334
1.24342
1.20836
1.17253
1.14036
1.11533
1.09961
1.09414
1.09873
1.11231
1.13302
1.15828
1.18513
1.21068
1.23253
1.24918
1.2601
1.26587
1.26787
1.2678
1.26693
1.26591
1.26479
1.26355
1.26234
1.26121
1.25993
1.25846
1.25752
1.25828
1.26145
1.26666
1.27264
1.27767
1.28049
1.28029
1.27674
1.26975
1.25944
1.24619
1.23042
1.21295
1.19495
1.1775
1.16133
1.14675
1.13412
1.12441
1.11954
1.12225
1.13519
1.15964
1.19456
1.23632
1.27966
1.31887
1.34911
1.36715
1.37155
1.3625
1.34154
1.31114
1.27431
1.23468
1.19654
1.16413
1.14022
1.12513
1.11721
1.11429
1.11442
1.11617
1.11896
1.1233
1.13057
1.14225
1.15904
1.18019
1.20393
1.22811
1.25093
1.27107
1.28774
1.3006
1.30939
1.31377
1.3136
1.30922
1.30201
1.29414
1.28794
1.28528
1.28715
1.29334
1.30227
1.31134
1.31745
1.31773
1.31039
1.29535
1.27412
1.24929
1.22369
1.19964
1.17855
1.16117
1.14793
1.13923
1.13554
1.13745
1.1452
1.15821
1.17509
1.19396
1.213
1.2307
1.2461
1.25877
1.26887
1.27675
1.28243
1.28522
1.28354
1.2758
1.26145
1.24159
1.21917
1.19841
1.18351
1.17741
1.18058
1.19077
1.20398
1.21597
1.22357
1.22515
1.22031
1.20959
1.19436
1.17694
1.16028
1.14742
1.14083
1.14153
1.14888
1.16068
1.17389
1.18575
1.19476
1.20118
1.20681
1.21389
1.22405
1.23746
1.25266
1.26731
1.27897
1.28561
1.28603
1.27981
1.26736
1.24995
1.22975
1.20953
1.19203
1.17934
1.17254
1.17193
1.1771
1.18708
1.20028
1.21451
1.22734
1.23671
1.24147
1.24155
1.23786
1.23178
1.22456
1.21679
1.20821
1.19803
1.18524
1.1694
1.151
1.1318
1.11461
1.10283
1.09984
1.1081
1.12862
1.16061
1.20153
1.2473
1.29296
1.33351
1.36492
1.38459
1.39163
1.38692
1.37286
1.35271
1.32989
1.30693
1.2851
1.26468
1.24559
1.22794
1.21217
1.19893
1.18831
1.1799
1.17312
1.16786
1.16531
1.16809
1.17854
1.19669
1.21932
1.24137
1.25848
1.26857
1.27195
1.27041
1.26582
1.25937
1.25141
1.24206
1.23158
1.2208
1.21083
1.20273
1.19708
1.1939
1.19278
1.19299
1.19362
1.19369
1.19217
1.18811
1.18085
1.17032
1.15728
1.14335
1.13074
1.12164
1.11764
1.11934
1.12645
1.13812
1.15317
1.17005
1.18694
1.20185
1.21298
1.21942
1.22128
1.21972
1.21648
1.21329
1.21137
1.21082
1.21082
1.2102
1.20822
1.20534
1.20319
1.20394
1.20911
1.21899
1.23278
1.2492
1.26725
1.28619
1.30491
1.32147
1.33319
1.33741
1.33269
1.31978
1.3018
1.28308
1.26781
1.25835
1.25472
1.25517
1.25743
1.25964
1.26089
1.26104
1.26043
1.25992
1.26068
1.26351
1.26798
1.27241
1.27455
1.27254
1.2657
1.25445
1.23993
1.22354
1.20685
1.19137
1.17863
1.16999
1.16624
1.16728
1.17177
1.17733
1.18113
1.18073
1.17483
1.16348
1.14794
1.13011
1.11206
1.0961
1.08469
1.08038
1.08499
1.099
1.12121
1.14904
1.17927
1.20882
1.23518
1.25667
1.27247
1.28252
1.28761
1.28901
1.288
1.28576
1.28338
1.2819
1.28222
1.28481
1.28916
1.29403
1.29791
1.29949
1.29796
1.29269
1.28302
1.26825
1.248
1.22267
1.19427
1.16647
1.1442
1.13217
1.13323
1.14727
1.17098
1.19841
1.22268
1.23858
1.24441
1.24227
1.23638
1.23071
1.22718
1.22576
1.22599
1.22769
1.23065
1.23396
1.23573
1.2337
1.22636
1.21355
1.19667
1.17825
1.1613
1.14865
1.14272
1.14524
1.15709
1.17765
1.20457
1.23393
1.26096
1.28104
1.29072
1.28831
1.27429
1.25115
1.22302
1.19503
1.1724
1.15982
1.16071
1.17622
1.20448
1.24046
1.27734
1.30847
1.32922
1.33789
1.33548
1.3246
1.30825
1.28903
1.26869
1.24801
1.22732
1.20682
1.18691
1.16852
1.15324
1.14255
1.13736
1.13745
1.14162
1.14826
1.15621
1.16504
1.17523
1.18771
1.20303
1.22071
1.23917
1.25636
1.27023
1.27938
1.28318
1.28182
1.27625
1.26767
1.25753
1.24704
1.23695
1.22743
1.2183
