3.21021
3.41395
3.75959
4.22088
4.75567
5.34942
5.9641
6.55758
7.08995
7.5197
7.81131
7.95373
7.95921
7.84846
7.65184
7.40823
7.15231
6.91849
6.72213
6.57159
6.4736
6.43495
6.43896
6.4759
6.52663
6.58122
6.62484
6.63797
6.63013
6.58321
6.50616
6.4108
6.30112
6.18442
6.06783
5.96099
5.86587
5.7791
5.71532
5.66984
5.63688
5.62234
5.62946
5.66399
5.72091
5.79381
5.89212
6.00069
6.12262
6.24148
6.35719
6.46194
6.5432
6.60306
6.6319
6.63061
6.60183
6.55579
6.49356
6.42119
6.35264
6.28908
6.23383
6.18923
6.15736
6.14546
6.1421
6.14976
6.17003
6.19309
6.21973
6.24552
6.26085
6.26147
6.2557
6.23966
6.21493
6.17767
6.13396
6.09212
6.0505
6.01039
5.97827
5.95663
5.94932
5.95516
5.9668
5.98971
6.01866
6.05291
6.08332
6.11649
6.15979
6.19674
6.23672
6.28964
6.34557
6.41317
6.47753
6.54177
7.16736
7.3782
7.64591
7.94228
8.24364
8.52567
8.76744
8.94983
9.05958
9.08558
9.0282
8.89026
8.7014
8.48285
8.27072
8.08916
7.95746
7.87391
7.85276
7.8845
7.95673
8.06634
8.18648
8.31528
8.42905
8.51841
8.58045
8.60414
8.59868
8.56114
8.49708
8.42179
8.33587
8.25704
8.19334
8.14902
8.13259
8.13632
8.16096
8.19686
8.23324
8.26213
8.27647
8.27506
8.26076
8.24553
8.2374
8.24618
8.27754
8.33217
8.40459
8.48741
8.56888
8.63635
8.68806
8.72433
8.73779
8.73003
8.70294
8.65243
8.57723
8.46645
8.32603
8.15682
7.96979
7.77439
7.59259
7.44671
7.34074
7.29084
7.29544
7.35387
7.46182
7.60478
7.77183
7.94091
8.11261
8.26723
8.39589
8.49238
8.5551
8.57663
8.57219
8.54814
8.51242
8.47814
8.45713
8.45379
8.47478
8.51828
8.58213
8.65903
8.7356
8.79579
8.82756
8.81981
8.76985
8.68187
8.55829
8.40923
8.43649
8.30206
8.20706
8.15359
8.13297
8.1419
8.18225
8.2442
8.32911
8.41854
8.51324
8.61865
8.72617
8.83159
8.94199
9.05501
9.17434
9.30062
9.42334
9.55475
9.67796
9.78468
9.86974
9.92246
9.93632
9.90385
9.83071
9.7173
9.57151
9.40194
9.21032
9.02615
8.84733
8.69208
8.57284
8.49751
8.47695
8.4999
8.56013
8.65088
8.74899
8.86094
8.96822
9.06691
9.15356
9.21642
9.27126
9.30441
9.32233
9.32367
9.3094
9.29104
9.2721
9.24593
9.22813
9.20929
9.18803
9.15187
9.11316
9.06904
9.01471
8.96667
8.92431
8.89849
8.89036
8.90537
8.93766
8.96558
8.98767
8.99604
8.97481
8.9223
8.8539
8.7661
8.6752
8.59723
8.54201
8.51863
8.53162
8.59935
8.72386
8.895
9.11486
9.36703
9.62057
9.84128
10.0003
10.079
10.0693
9.99621
9.86943
9.71857
9.5704
9.4284
9.30304
9.20177
9.12378
9.05883
9.01548
8.98638
9.02807
9.02196
9.01981
9.02303
9.0371
9.0556
9.09105
9.13373
9.18157
9.21199
9.23267
9.23749
9.23621
9.22958
9.23235
9.25357
9.28315
9.31193
9.34084
9.35814
9.35807
9.34355
9.32049
9.30443
9.29331
9.29495
9.30011
9.29934
9.30131
9.29953
9.29056
9.27691
9.25795
9.2325
9.20273
9.16662
9.11982
9.07899
9.03832
9.00614
8.98507
8.98656
8.99884
9.01975
9.05316
9.08794
9.13128
9.17854
9.23391
9.2974
9.34757
9.37905
9.40491
9.41258
9.41913
9.42982
9.44511
9.45895
9.47035
9.46941
9.43935
9.38971
9.31627
9.22392
9.11939
9.0215
8.92765
8.85259
8.79791
8.76909
8.77067
8.80549
8.86093
8.9465
9.05385
9.17634
9.30688
9.43173
9.54885
9.65833
9.74724
9.83356
9.91175
9.98507
10.0436
10.0713
10.049
9.96798
9.82928
9.64866
9.44165
9.22731
9.02902
8.86487
8.74693
8.69062
8.69396
8.75844
8.87098
9.02254
9.19743
9.33659
9.43493
9.49472
9.52798
9.53259
9.51814
9.46798
9.40464
9.31682
9.2044
9.08999
8.99175
8.9284
8.90502
8.93019
8.9989
9.10265
9.22398
9.34214
9.43507
9.48641
9.47912
9.4309
9.34703
9.2492
9.15782
9.08918
9.04802
9.03728
9.04665
9.07469
9.10637
9.13561
9.16617
9.19107
9.21833
9.24032
9.25947
9.27574
9.28965
9.29399
9.28828
9.28458
9.28186
9.2885
9.31089
9.34837
9.41174
9.49621
9.59412
9.70461
9.82188
9.93925
10.0352
10.1072
10.1445
10.1475
10.108
10.0347
9.92142
9.78961
9.64088
9.4776
9.31538
9.16289
9.02859
8.91451
8.819
8.74793
8.70825
8.70002
8.71807
8.77103
8.84848
8.94327
9.04605
9.1376
9.20536
9.23655
9.21005
9.14891
9.06134
8.97242
8.91282
8.89297
8.92068
9.00048
9.11926
9.25975
9.40327
9.53661
9.64763
9.73149
9.78774
9.82168
9.82946
9.81063
9.76988
9.70298
9.73513
9.68798
9.65891
9.65704
9.67584
9.72217
9.78112
9.84049
9.88982
9.93483
9.96233
9.96779
9.93451
9.86221
9.74224
9.59033
9.43466
9.29393
9.18153
9.11417
9.09162
9.10149
9.14066
9.19005
9.26316
9.35531
9.46536
9.58911
9.71467
9.83795
9.93187
9.99731
10.0296
10.0307
10.0086
9.97634
9.94188
9.92005
9.91481
9.91342
9.90791
9.89488
9.86798
9.82195
9.77055
9.70189
9.6331
9.56829
9.5285
9.51869
9.53613
9.58069
9.64275
9.70419
9.75826
9.78822
9.79304
9.77151
9.72029
9.65572
9.59088
9.53308
9.50755
9.52026
9.57151
9.65023
9.74581
9.82549
9.89255
9.93023
9.94666
9.95889
9.97561
10.0003
10.0441
10.1107
10.1879
10.275
10.3497
10.3994
10.4192
10.3958
10.344
10.2542
10.1451
10.0137
9.885
9.74764
9.63139
9.53444
9.45865
9.40849
9.39533
9.40406
9.43099
9.45832
9.48542
9.49459
9.50872
9.50492
9.49753
9.50299
9.50313
9.51573
9.54254
9.58936
9.65451
9.72834
9.79831
9.84755
9.87198
9.87131
9.8373
9.77805
9.70463
9.62277
9.55024
9.49059
9.4453
9.43034
9.43444
9.47076
9.53876
9.61556
9.70996
9.80413
9.87298
9.91228
9.92253
9.90444
9.86478
9.82034
9.76957
9.7352
9.72317
9.72405
9.75121
9.79254
9.83821
9.87482
9.88438
9.86166
9.80928
9.74426
9.68511
9.63989
9.60624
9.5861
9.58779
9.61328
9.6621
9.71672
9.76095
9.77996
9.76515
9.72893
9.69284
9.67407
9.68874
9.73935
9.81601
9.90602
9.98364
10.0324
10.0293
9.98071
9.89708
9.78634
9.67861
9.58286
9.51297
9.45742
9.42574
9.40974
9.39583
9.37938
9.36103
9.35704
9.37042
9.40297
9.46511
9.53818
9.60479
9.66572
9.70368
9.72329
9.73251
9.73991
9.75535
9.77819
9.79972
9.80631
9.7779
9.70923
9.60492
9.48789
9.37763
9.29198
9.24064
9.23198
9.26153
9.31804
9.40743
9.5082
9.61704
9.71761
9.81335
9.89873
9.97486
10.0406
10.1033
10.1578
10.2061
10.2416
10.2537
10.2444
10.2172
10.1679
10.0913
9.98723
9.85934
9.70149
9.51794
9.32319
9.14796
9.01042
8.91708
8.88405
8.91086
8.992
9.11773
9.27303
9.42803
9.57657
9.70614
9.80734
9.87985
9.92535
9.96646
10.0133
10.0736
10.1461
10.2291
10.3088
10.3683
10.4054
10.3965
10.3493
10.2704
10.1681
10.0525
9.94361
9.85225
9.79097
9.76025
9.74369
9.7294
9.69886
9.65338
9.59938
9.54756
9.51003
9.48644
9.46658
9.44414
9.41881
9.3805
9.34278
9.3011
9.26771
9.23462
9.20326
9.18543
9.17626
9.18776
9.21602
9.26101
9.33401
9.42214
9.54081
9.68215
9.84879
10.0373
10.2321
10.4149
10.5462
10.5916
10.5314
10.3973
10.2312
10.0728
9.95341
9.88814
9.87982
9.91512
9.9771
10.0657
10.1528
10.2274
10.2735
10.2777
10.238
10.1579
10.0558
9.94038
9.83137
9.73508
9.65253
9.57319
9.50014
9.43387
9.38258
9.34384
9.32051
9.30866
9.3078
9.32565
9.35035
9.37558
9.39546
9.42546
9.47354
9.54132
9.60871
9.66586
9.6996
9.69879
9.67765
9.63886
9.60891
9.59371
9.61664
9.66368
9.73703
9.83354
9.93554
10.0331
10.1099
10.1474
10.1428
10.1154
10.0871
10.0694
10.0768
10.1079
10.1586
10.2137
10.2575
10.292
10.305
10.2966
10.261
10.1994
10.1085
10.0069
9.88259
9.73852
9.58539
9.42857
9.26962
9.12625
9.00138
8.88825
8.80582
8.75312
8.74723
8.78305
8.85745
8.98296
9.14446
9.34479
9.56827
9.81183
10.0527
10.271
10.4369
10.5263
10.5315
10.4566
10.3233
10.1476
9.96426
9.79727
9.65007
9.54053
9.46526
9.41705
9.38455
9.36617
9.35057
9.3423
9.33
9.31889
9.31172
9.31788
9.34833
9.40161
9.48578
9.60534
9.73612
9.86158
9.9666
10.0395
10.0728
10.0561
10.0011
9.91935
9.81604
9.71467
9.61765
9.53316
9.46321
9.40932
9.37111
9.36232
9.37419
9.41104
9.48512
9.58698
9.70954
9.83612
9.96609
10.0773
10.1548
10.1918
10.1761
10.1117
10.0142
9.8939
9.78269
9.68121
9.61607
9.59072
9.6005
9.64296
9.69978
9.75562
9.7867
9.78561
9.76555
9.73793
9.71197
9.69861
9.70153
9.71407
9.72783
9.72515
9.69922
9.64678
9.57884
9.50808
9.44296
9.39651
9.38649
9.4235
9.49651
9.6012
9.71479
9.82073
9.91321
9.98841
10.0547
10.1327
10.2111
10.3002
10.3821
10.427
10.415
10.3307
10.1838
10.0008
9.80359
9.60194
9.41757
9.26679
9.15366
9.07529
9.04641
9.05861
9.11722
9.21729
9.34958
9.50231
9.66507
9.8067
9.92471
10.0061
10.0535
10.0696
10.0631
10.0391
9.98962
9.91349
9.8269
9.73082
9.63615
9.56956
9.52703
9.5156
9.53528
9.58682
9.65154
9.72129
9.80276
9.88824
9.9553
10.0139
10.0543
10.0709
10.0605
10.0162
9.95131
9.86932
9.77681
9.69018
9.62551
9.58599
9.57592
9.59005
9.61442
9.63465
9.65157
9.66631
9.67093
9.68061
9.69974
9.71935
9.7433
9.75843
9.77678
9.7862
9.79778
9.80645
9.81453
9.81382
9.79966
9.76504
9.71852
9.67501
9.65286
9.66542
9.7032
9.75847
9.81979
9.86971
9.89393
9.88654
9.84229
9.78537
9.71482
9.66451
9.63375
9.63374
9.64433
9.66391
9.67533
9.66184
9.62087
9.55729
9.48232
9.40315
9.3446
9.31937
9.3372
9.40364
9.51526
9.66452
9.83452
9.99947
10.1509
10.2644
10.3395
10.3551
10.3209
10.2431
10.1307
9.9974
9.85749
9.72457
9.61109
9.52836
9.47494
9.44837
9.44229
9.4462
9.46161
9.47058
9.48887
9.50693
9.52478
9.53779
9.54843
9.55351
9.55219
9.53954
9.51604
9.47761
9.44298
9.41429
9.39274
9.39008
9.40469
9.43648
9.48432
9.55184
9.63752
9.72609
9.81995
9.91315
10.0004
10.0832
10.1516
10.2016
10.2308
10.2179
10.1585
10.0424
9.87882
9.68164
9.47114
9.29018
9.14394
9.05181
9.02939
9.06852
9.16538
9.30743
9.4776
9.66061
9.84068
9.99227
10.1104
10.1901
10.2351
10.2525
10.2506
10.2442
10.23
10.2071
10.1657
10.1031
10.0162
9.91283
9.80069
9.68448
9.57941
9.48365
9.40635
9.34294
9.30716
9.29224
9.29812
9.32046
9.35062
9.38554
9.40781
9.41518
9.40412
9.37208
9.32884
9.28858
9.26422
9.26552
9.30465
9.38701
9.48961
9.61155
9.73138
9.85393
9.95641
10.04
10.1039
10.1429
10.1546
10.1391
10.0915
10.0254
9.93555
9.83851
9.74438
9.65652
9.57812
9.51059
9.45936
9.42076
9.39469
9.38631
9.40148
9.44881
9.52558
9.62573
9.73263
9.8308
9.89552
9.92773
9.90907
9.86798
9.81464
9.75893
9.72989
9.73102
9.76041
9.8097
9.87217
9.95335
10.0251
10.0776
10.1023
10.0996
10.0705
10.0145
9.95825
9.90883
9.86822
9.83857
9.81059
9.7729
9.72028
9.65821
9.58533
9.52219
9.47117
9.44863
9.44972
9.48488
9.54874
9.63258
9.73022
9.82905
9.90836
9.96822
9.99676
9.9944
9.96815
9.92142
9.85833
9.794
9.72941
9.68413
9.65811
9.65359
9.66816
9.69693
9.7287
9.76636
9.80902
9.86137
9.92541
10.0048
10.0946
10.1888
10.2613
10.3104
10.3101
10.2592
10.1519
9.9909
9.79255
9.5709
9.35614
9.1696
9.02397
8.9357
8.90819
8.93471
9.00405
9.10755
9.21228
9.32088
9.43286
9.53618
9.62948
9.71337
9.78884
9.85473
9.89716
9.9313
9.95405
9.97051
9.96184
9.9395
9.88179
9.78622
9.6791
9.57548
9.50149
9.45776
9.44837
9.45682
9.48381
9.51794
9.57175
9.62815
9.69487
9.7578
9.81878
9.86141
9.8858
9.90263
9.90859
9.89911
9.89084
9.88541
9.88666
9.90636
9.93765
9.98339
10.0405
10.1072
10.16
10.2028
10.2161
10.2027
10.1687
10.1169
10.0455
9.96767
9.88908
9.81813
9.7682
9.73769
9.7274
9.73103
9.74265
9.75927
9.76205
9.76463
9.76808
9.7745
9.79065
9.80199
9.80627
9.79713
9.77207
9.72078
9.65016
9.56468
9.47498
9.3841
9.29183
9.21052
9.15734
9.14328
9.17245
9.23408
9.32123
9.40938
9.47789
9.522
9.53998
9.54233
9.53798
9.53028
9.52248
9.52399
9.527
9.52994
9.52895
9.51524
9.49507
9.47831
9.47936
9.50106
9.5427
9.59966
9.67068
9.75245
9.82783
9.9016
9.95354
9.99013
10.0023
9.98829
9.96422
9.93387
9.91811
9.91929
9.95278
10.01
10.0926
10.1788
10.2745
10.3533
10.4115
10.4276
10.3992
10.3264
10.221
10.0882
9.94564
9.80333
9.67583
9.56673
9.48909
9.43939
9.4064
9.39451
9.40063
9.40869
9.42073
9.42405
9.4154
9.40176
9.38712
9.37011
9.35595
9.36004
9.37198
9.40392
9.44967
9.52335
9.6211
9.74035
9.87149
9.99463
10.0919
10.1347
10.1226
10.053
9.94
9.81426
9.70635
9.63581
9.60254
9.60633
9.62669
9.65126
9.6713
9.68175
9.68416
9.68462
9.68142
9.67686
9.68399
9.70598
9.75377
9.82928
9.9101
9.99816
10.0706
10.1211
10.1379
10.1107
10.0455
9.94051
9.801
9.65747
9.53298
9.44354
9.40155
9.42081
9.49593
9.60445
9.73555
9.87005
9.97065
10.0249
10.0131
9.93817
9.80291
9.63923
9.46737
9.32643
9.22923
9.19082
9.19737
9.2396
9.31559
9.40257
9.50036
9.60165
9.70039
9.80078
9.89662
9.98852
10.0672
10.1301
10.1641
10.1743
10.1627
10.1359
10.1039
10.0641
10.0118
9.94994
9.86947
9.78092
9.68876
9.60159
9.53099
9.47863
9.45586
9.45822
9.47813
9.51555
9.56411
9.61347
9.65661
9.69873
9.74635
