0.793197
0.769832
0.730577
0.676746
0.610385
0.534706
0.454249
0.374706
0.302407
0.243354
0.202092
0.180747
0.178701
0.19294
0.218893
0.251419
0.28567
0.317651
0.344453
0.364348
0.376719
0.381907
0.381026
0.375821
0.368314
0.360655
0.354784
0.352225
0.353898
0.360035
0.37024
0.383597
0.398911
0.414903
0.430469
0.444765
0.457268
0.46776
0.476177
0.482499
0.486608
0.488337
0.487449
0.483741
0.477065
0.467441
0.455122
0.44066
0.424819
0.408537
0.392852
0.378841
0.367481
0.359477
0.355244
0.354812
0.357845
0.363755
0.371755
0.380951
0.390419
0.399326
0.407029
0.413112
0.417402
0.419882
0.420644
0.419917
0.418033
0.415398
0.412516
0.40996
0.408262
0.407784
0.408707
0.411073
0.414732
0.41941
0.424764
0.430358
0.435663
0.440144
0.443321
0.444888
0.444762
0.443063
0.440091
0.436234
0.43185
0.427278
0.422717
0.41819
0.413666
0.408953
0.403766
0.397862
0.391098
0.383484
0.375279
0.367004
0.78401
0.757287
0.722948
0.684234
0.644545
0.607032
0.574461
0.549307
0.53369
0.529192
0.53632
0.553944
0.579283
0.608408
0.637224
0.662227
0.680943
0.69197
0.694928
0.690369
0.679615
0.664584
0.647434
0.630289
0.614946
0.60271
0.594531
0.590906
0.591912
0.597205
0.605946
0.616896
0.628605
0.63957
0.648432
0.654149
0.656154
0.65448
0.649805
0.643303
0.636504
0.630865
0.627462
0.626639
0.62788
0.630022
0.631579
0.631166
0.627866
0.621446
0.612515
0.602282
0.592214
0.583604
0.577287
0.573532
0.572264
0.573334
0.576778
0.582954
0.592506
0.606147
0.62426
0.646525
0.671729
0.697931
0.722739
0.743801
0.759073
0.767174
0.767564
0.76043
0.746701
0.727872
0.705664
0.681904
0.658353
0.636538
0.617794
0.603244
0.593658
0.589115
0.588957
0.591978
0.596601
0.60119
0.604293
0.604792
0.602011
0.595838
0.586839
0.576172
0.565589
0.557194
0.552942
0.55414
0.56115
0.573495
0.590252
0.610322
0.821844
0.840652
0.854585
0.863283
0.866677
0.865105
0.859441
0.85078
0.84028
0.8288
0.816747
0.80406
0.790582
0.776285
0.761262
0.745661
0.729589
0.713013
0.695945
0.678621
0.661736
0.646395
0.633928
0.62557
0.622264
0.624644
0.632852
0.646634
0.665245
0.687574
0.712206
0.737513
0.761711
0.782977
0.799656
0.810476
0.814792
0.812788
0.805405
0.794223
0.78101
0.76718
0.753683
0.741034
0.72957
0.719694
0.711813
0.706124
0.702595
0.701031
0.701136
0.702521
0.704709
0.707212
0.709732
0.712419
0.71574
0.720314
0.726356
0.733726
0.741977
0.750317
0.757656
0.762817
0.764963
0.763965
0.760507
0.756057
0.752373
0.751069
0.753257
0.759225
0.768438
0.77968
0.791405
0.802019
0.809991
0.813896
0.812379
0.804288
0.788738
0.765529
0.735493
0.700831
0.66522
0.633437
0.610193
0.598586
0.599153
0.609975
0.627673
0.648602
0.669692
0.688884
0.705183
0.718269
0.728195
0.735217
0.739773
0.742537
0.801204
0.801352
0.801125
0.800784
0.799855
0.797577
0.793431
0.787752
0.781708
0.776816
0.77416
0.7738
0.77485
0.775918
0.775682
0.773442
0.769377
0.764528
0.760395
0.758316
0.758854
0.761495
0.765002
0.767976
0.769541
0.769599
0.768701
0.76757
0.766776
0.766577
0.767112
0.768407
0.770584
0.773766
0.777973
0.783131
0.788942
0.794929
0.800484
0.804958
0.807824
0.808705
0.807373
0.803992
0.799011
0.792998
0.786223
0.77857
0.769912
0.760757
0.752443
0.746635
0.744043
0.743891
0.744532
0.744595
0.743697
0.742378
0.741772
0.743156
0.747503
0.755216
0.766101
0.779467
0.794238
0.809129
0.822762
0.833911
0.841647
0.845435
0.845125
0.840777
0.832621
0.820973
0.80639
0.789657
0.771822
0.754137
0.737739
0.723248
0.710565
0.698996
0.687782
0.676834
0.667243
0.661269
0.661619
0.670272
0.6874
0.7114
0.739681
0.76933
0.797399
0.821138
0.838337
0.847463
0.847805
0.839396
0.82329
0.801968
0.778501
0.759027
0.745415
0.737985
0.735249
0.735522
0.738118
0.743428
0.752206
0.764627
0.779827
0.795904
0.810341
0.820671
0.82498
0.822402
0.813205
0.798831
0.781618
0.764597
0.750924
0.743343
0.743406
0.750854
0.763567
0.778335
0.79201
0.802248
0.807975
0.809288
0.807183
0.803037
0.798184
0.793459
0.78924
0.785611
0.782461
0.779688
0.777323
0.775446
0.774134
0.773527
0.773638
0.774216
0.774636
0.774019
0.771432
0.766106
0.757662
0.746122
0.731951
0.71596
0.699247
0.683139
0.669132
0.658618
0.652689
0.652003
0.656779
0.66678
0.681381
0.699635
0.720389
0.742403
0.764497
0.785595
0.804719
0.821117
0.834244
0.843836
0.849721
0.851761
0.84978
0.843733
0.833837
0.820798
0.806167
0.792165
0.781441
0.776414
0.778412
0.787039
0.800022
0.813807
0.824567
0.82936
0.826595
0.816395
0.800233
0.780572
0.760186
0.741351
0.725439
0.712902
0.703724
0.697934
0.695777
0.697362
0.702366
0.709991
0.808108
0.814544
0.818324
0.819027
0.816406
0.81075
0.803309
0.795885
0.789678
0.784917
0.781671
0.780895
0.784444
0.794067
0.810109
0.830921
0.853266
0.873464
0.88873
0.897782
0.90089
0.899306
0.894356
0.88687
0.877012
0.864622
0.849669
0.832672
0.814846
0.797879
0.783614
0.773555
0.768538
0.768386
0.771929
0.777329
0.782718
0.786722
0.788853
0.789583
0.790021
0.791353
0.7945
0.800013
0.808054
0.818217
0.829323
0.839513
0.846872
0.849991
0.848458
0.842992
0.835126
0.826765
0.819672
0.815256
0.814387
0.81743
0.824062
0.8332
0.842923
0.850902
0.854825
0.853181
0.845787
0.83399
0.820318
0.807656
0.798216
0.79274
0.790466
0.789724
0.788648
0.785712
0.779986
0.771212
0.759845
0.747172
0.735091
0.725816
0.721227
0.722343
0.729101
0.740656
0.755812
0.77328
0.791822
0.810169
0.82698
0.840981
0.851143
0.856937
0.858597
0.857056
0.853667
0.849815
0.846539
0.844319
0.843185
0.842845
0.84285
0.842677
0.841779
0.839469
0.835108
0.828352
0.819382
0.809172
0.799341
0.791786
0.788106
0.789056
0.79456
0.803818
0.815339
0.8274
0.838519
0.847707
0.854368
0.857915
0.857773
0.853488
0.845084
0.833402
0.820021
0.807098
0.796821
0.790729
0.789373
0.792309
0.798361
0.805996
0.813573
0.819487
0.822361
0.821367
0.816599
0.809117
0.800861
0.79421
0.791316
0.793211
0.799276
0.807478
0.815398
0.821639
0.826214
0.829238
0.82969
0.826224
0.819067
0.810623
0.804183
0.80225
0.805296
0.81167
0.818382
0.822348
0.821481
0.815222
0.804581
0.791882
0.780246
0.772732
0.771582
0.777389
0.789001
0.803975
0.819455
0.832952
0.842957
0.849152
0.852352
0.854108
0.855968
0.858476
0.860998
0.862115
0.860408
0.855121
0.846587
0.836114
0.825691
0.817141
0.811547
0.808885
0.808146
0.807763
0.806164
0.802745
0.798492
0.796025
0.798551
0.807946
0.823382
0.841867
0.859799
0.874195
0.883269
0.886321
0.88356
0.875777
0.864183
0.850173
0.835158
0.820439
0.806903
0.794851
0.784105
0.77427
0.765037
0.756487
0.749132
0.743745
0.740958
0.741139
0.744334
0.750568
0.76005
0.773272
0.790851
0.81295
0.838652
0.865778
0.891276
0.912141
0.92604
0.931588
0.928488
0.917465
0.900179
0.878954
0.856492
0.835346
0.817484
0.803946
0.794606
0.788274
0.783126
0.777266
0.769283
0.75873
0.746256
0.733591
0.723114
0.717024
0.716659
0.722163
0.732664
0.746622
0.762061
0.776823
0.78892
0.797171
0.801758
0.804253
0.807029
0.812013
0.819717
0.828983
0.837778
0.844555
0.849003
0.851925
0.854515
0.857671
0.861679
0.866224
0.870723
0.874743
0.878127
0.880986
0.883233
0.884457
0.884115
0.881729
0.877071
0.869997
0.860214
0.847244
0.830472
0.809527
0.784674
0.757336
0.730755
0.710064
0.701019
0.706728
0.724848
0.748807
0.771619
0.788617
0.797863
0.799423
0.794459
0.784723
0.77215
0.758917
0.747456
0.740127
0.738784
0.744038
0.754967
0.769391
0.784854
0.799447
0.812197
0.823114
0.832745
0.841618
0.849864
0.857146
0.862908
0.866565
0.867899
0.867243
0.865455
0.863507
0.861918
0.860207
0.857044
0.851179
0.842371
0.831959
0.822474
0.816527
0.815449
0.818625
0.823834
0.82836
0.830018
0.827616
0.820966
0.810494
0.797045
0.781959
0.767451
0.756511
0.751754
0.753676
0.760103
0.76739
0.772356
0.773321
0.770233
0.764237
0.757033
0.750328
0.745393
0.743065
0.743844
0.747983
0.755537
0.766299
0.779873
0.795784
0.813628
0.832982
0.853193
0.873333
0.892353
0.909293
0.923425
0.934029
0.940398
0.941825
0.937691
0.927649
0.911768
0.890392
0.864075
0.833598
0.800348
0.766656
0.735927
0.712095
0.698625
0.697206
0.707252
0.726162
0.750206
0.775611
0.799214
0.818937
0.833845
0.843992
0.850106
0.85331
0.854861
0.855908
0.857224
0.859075
0.861287
0.863157
0.863583
0.861254
0.855069
0.844563
0.830212
0.81343
0.796315
0.781322
0.770625
0.765734
0.767165
0.774464
0.786204
0.800492
0.815446
0.829544
0.841903
0.852175
0.860248
0.865859
0.8685
0.867462
0.862151
0.852311
0.838243
0.82098
0.802132
0.783675
0.767696
0.756067
0.750382
0.751616
0.759809
0.773726
0.790923
0.808401
0.823317
0.833553
0.837973
0.83662
0.830801
0.822839
0.815569
0.811343
0.811259
0.81474
0.819901
0.824451
0.826657
0.82599
0.823252
0.820153
0.818612
0.820035
0.824902
0.832605
0.84163
0.849913
0.855279
0.855962
0.850972
0.840503
0.826062
0.810192
0.795535
0.783654
0.774467
0.766519
0.75799
0.747555
0.735193
0.722917
0.71472
0.714925
0.725604
0.745564
0.771602
0.800259
0.828632
0.854528
0.876381
0.89314
0.904272
0.909525
0.90879
0.902014
0.889423
0.87183
0.850874
0.828915
0.808583
0.791961
0.780075
0.772852
0.769615
0.769721
0.772931
0.779321
0.788799
0.80075
0.813834
0.82624
0.836106
0.842136
0.843802
0.841303
0.83537
0.826954
0.817084
0.806736
0.796801
0.788098
0.781188
0.776559
0.774622
0.775822
0.780491
0.788609
0.799489
0.811729
0.823292
0.832148
0.83684
0.837097
0.834032
0.829598
0.825669
0.823177
0.821917
0.821056
0.819722
0.817532
0.814679
0.811752
0.809293
0.807464
0.805967
0.80434
0.802394
0.800576
0.799967
0.801787
0.806502
0.813254
0.819967
0.824223
0.824245
0.819609
0.811475
0.802233
0.794593
0.790769
0.791872
0.79764
0.806563
0.816256
0.824241
0.828681
0.829004
0.826107
0.822026
0.819227
0.81975
0.824594
0.833456
0.844819
0.856436
0.865916
0.871153
0.87056
0.86316
0.848895
0.828946
0.805572
0.781688
0.760241
0.743552
0.733073
0.729425
0.732486
0.741537
0.755344
0.77219
0.790088
0.807118
0.821689
0.832788
0.840065
0.843911
0.845249
0.845198
0.84462
0.84394
0.843191
0.842364
0.841557
0.840809
0.83995
0.838974
0.838346
0.838855
0.84097
0.84444
0.848425
0.851781
0.853662
0.853529
0.851159
0.846499
0.839627
0.830796
0.820282
0.808635
0.796634
0.785
0.774222
0.764499
0.756077
0.749605
0.74636
0.748168
0.756791
0.773092
0.796373
0.824214
0.853105
0.879245
0.89941
0.911433
0.914369
0.908335
0.894363
0.874096
0.849537
0.823123
0.797692
0.776087
0.760148
0.750089
0.744804
0.742861
0.742946
0.74411
0.745975
0.748868
0.753716
0.761503
0.772691
0.786794
0.802623
0.818743
0.833952
0.847377
0.858492
0.867067
0.872925
0.875849
0.875735
0.872815
0.868007
0.862761
0.858628
0.85685
0.858099
0.862225
0.868177
0.874223
0.878301
0.878485
0.873596
0.86357
0.849412
0.832859
0.815792
0.799759
0.7857
0.77411
0.765286
0.759485
0.757026
0.758301
0.763466
0.772143
0.783394
0.795973
0.808663
0.82047
0.830734
0.839178
0.845913
0.851163
0.854954
0.856813
0.855694
0.850536
0.840968
0.827724
0.812782
0.798939
0.78901
0.784943
0.787055
0.79385
0.802656
0.810647
0.815716
0.816768
0.813541
0.80639
0.796241
0.784628
0.77352
0.76495
0.760554
0.761017
0.765917
0.773786
0.782595
0.790499
0.796506
0.800789
0.804541
0.809262
0.816033
0.824975
0.835107
0.844872
0.852644
0.857074
0.857352
0.853204
0.844905
0.833297
0.819837
0.806352
0.794683
0.786226
0.781695
0.781287
0.784734
0.791385
0.800187
0.809673
0.818224
0.824475
0.827648
0.827697
0.82524
0.821188
0.816373
0.811193
0.805473
0.798685
0.790161
0.779603
0.767336
0.754533
0.743071
0.735222
0.733224
0.738731
0.752412
0.773738
0.801021
0.831536
0.861971
0.889007
0.909948
0.923058
0.927751
0.924612
0.915242
0.901804
0.886593
0.871288
0.85673
0.843123
0.830394
0.818626
0.808114
0.799285
0.792204
0.7866
0.78208
0.778574
0.776875
0.778726
0.785694
0.797792
0.812877
0.827582
0.838988
0.845715
0.847966
0.846938
0.84388
0.839578
0.834276
0.828039
0.821051
0.813867
0.807219
0.80182
0.79805
0.795932
0.795189
0.795324
0.795745
0.795795
0.794778
0.792073
0.787231
0.78021
0.77152
0.762234
0.753826
0.747759
0.745092
0.746224
0.750967
0.758747
0.768779
0.780033
0.791297
0.801234
0.808652
0.812944
0.814189
0.813146
0.810985
0.808858
0.807577
0.807214
0.807215
0.8068
0.805477
0.803558
0.802128
0.802624
0.806076
0.81266
0.821852
0.8328
0.844833
0.857458
0.869937
0.880978
0.888793
0.891604
0.888462
0.879853
0.867866
0.855389
0.845205
0.8389
0.836483
0.836782
0.838285
0.83976
0.840597
0.840697
0.840287
0.839946
0.840451
0.84234
0.845323
0.848272
0.8497
0.84836
0.843799
0.836301
0.82662
0.815696
0.804563
0.794245
0.785754
0.779994
0.777496
0.778187
0.781178
0.784887
0.787421
0.787153
0.783222
0.775651
0.765291
0.753406
0.741372
0.73073
0.72313
0.720253
0.723327
0.732666
0.747476
0.766025
0.786178
0.805883
0.823454
0.837782
0.848312
0.855013
0.858407
0.859338
0.858665
0.857176
0.855588
0.854599
0.854816
0.856542
0.859438
0.862684
0.865272
0.866325
0.865308
0.861791
0.855344
0.845502
0.832
0.815115
0.796179
0.777646
0.762803
0.754781
0.755486
0.764845
0.780655
0.79894
0.81512
0.825722
0.82961
0.828182
0.82425
0.820476
0.818117
0.817175
0.817324
0.818458
0.820435
0.82264
0.823817
0.822466
0.817574
0.809032
0.797779
0.785502
0.7742
0.765767
0.761812
0.763496
0.771396
0.785098
0.803045
0.822619
0.840643
0.854025
0.86048
0.858874
0.849525
0.834097
0.815349
0.796688
0.781601
0.773214
0.773804
0.784146
0.802984
0.826975
0.851563
0.872313
0.886144
0.891926
0.890322
0.883065
0.872166
0.859353
0.845791
0.832009
0.818217
0.804547
0.791271
0.779016
0.768823
0.7617
0.758239
0.7583
0.761077
0.765509
0.770808
0.776694
0.783486
0.791804
0.802017
0.813809
0.826117
0.837571
0.846819
0.85292
0.855454
0.854549
0.850833
0.845113
0.838353
0.831359
0.824632
0.818283
0.812202
