           1   0.0128248           0
           1   0.0384745           0
           1   0.0641241           0
           1   0.0897737           0
           1    0.115423           0
           1    0.141073           0
           1    0.166723           0
           1    0.192372           0
           1    0.218022           0
           1    0.243672           0
           1    0.269321           0
           1    0.294971           0
           1     0.32062           0
           1     0.34627           0
           1     0.37192           0
           1    0.397569           0
           1    0.423219           0
           1    0.448869           0
           1    0.474518           0
           1    0.500168           0
           1    0.525818           0
           1    0.551467           0
           1    0.577117           0
           1    0.602767           0
           1    0.628416           0
           1    0.654066           0
           1    0.679715           0
           1    0.705365           0
           1    0.731015           0
           1    0.756664           0
           1    0.782314           0
           1    0.807964           0
           1    0.833613           0
           1    0.859263           0
           1    0.884913  0.00320968
           1    0.910562   0.0307472
           1    0.936212    0.182707
           1    0.961861    0.655114
           1    0.987511     1.24563
           1     1.01316     1.92878
           1     1.03881     2.37774
           1     1.06446     2.54657
           1     1.09011     2.46712
           1     1.11576     2.30799
           1     1.14141     2.21838
           1     1.16706     1.89971
           1     1.19271     1.71413
           1     1.21836     1.52346
           1     1.24401     1.45363
           1     1.26966     1.22309
           1     1.29531     1.08268
           1     1.32096     1.03755
           1     1.34661    0.968696
           1     1.37226    0.908987
           1     1.39791    0.824486
           1     1.42355    0.740115
           1      1.4492    0.703549
           1     1.47485    0.714782
           1      1.5005    0.695339
           1     1.52615     0.70238
           1      1.5518    0.690686
           1     1.57745    0.681395
           1      1.6031    0.700703
           1     1.62875    0.718467
           1      1.6544     0.68731
           1     1.68005    0.707575
           1      1.7057    0.750263
           1     1.73135     0.76641
           1       1.757    0.863887
           1     1.78265    0.872427
           1      1.8083    0.912312
           1     1.83395    0.954338
           1      1.8596     1.00856
           1     1.88525     1.06819
           1      1.9109     1.04207
           1     1.93655     1.06453
           1      1.9622     1.09107
           1     1.98785     1.16069
           1      2.0135     1.16319
           1     2.03915      1.1576
           1      2.0648     1.20322
           1     2.09045     1.19919
           1      2.1161     1.19403
           1     2.14174     1.18266
           1     2.16739      1.1699
           1     2.19304     1.12933
           1     2.21869     1.12809
           1     2.24434     1.07622
           1     2.26999     1.04674
           1     2.29564      1.0243
           1     2.32129     1.01885
           1     2.34694     1.00642
           1     2.37259     1.00652
           1     2.39824    0.961573
           1     2.42389    0.906188
           1     2.44954    0.941169
           1     2.47519    0.918189
           1     2.50084    0.895318
           1     2.52649    0.919647
           1     2.55214    0.880085
           2   0.0128248           0
           2   0.0384745           0
           2   0.0641241           0
           2   0.0897737           0
           2    0.115423           0
           2    0.141073           0
           2    0.166723           0
           2    0.192372           0
           2    0.218022           0
           2    0.243672           0
           2    0.269321           0
           2    0.294971           0
           2     0.32062           0
           2     0.34627           0
           2     0.37192           0
           2    0.397569           0
           2    0.423219           0
           2    0.448869           0
           2    0.474518           0
           2    0.500168           0
           2    0.525818           0
           2    0.551467           0
           2    0.577117           0
           2    0.602767           0
           2    0.628416           0
           2    0.654066           0
           2    0.679715           0
           2    0.705365           0
           2    0.731015           0
           2    0.756664           0
           2    0.782314           0
           2    0.807964           0
           2    0.833613           0
           2    0.859263           0
           2    0.884913 0.000917052
           2    0.910562   0.0407076
           2    0.936212    0.189671
           2    0.961861    0.555372
           2    0.987511     1.17199
           2     1.01316      1.8917
           2     1.03881     2.33648
           2     1.06446     2.41949
           2     1.09011     2.50036
           2     1.11576     2.45134
           2     1.14141     2.17952
           2     1.16706     1.91315
           2     1.19271     1.75553
           2     1.21836     1.53169
           2     1.24401     1.37126
           2     1.26966     1.29615
           2     1.29531      1.1976
           2     1.32096      1.0394
           2     1.34661    0.957409
           2     1.37226    0.886295
           2     1.39791    0.783694
           2     1.42355    0.802663
           2      1.4492     0.77416
           2     1.47485    0.704548
           2      1.5005    0.694382
           2     1.52615    0.664764
           2      1.5518    0.712009
           2     1.57745    0.699577
           2      1.6031    0.686592
           2     1.62875    0.673259
           2      1.6544    0.693214
           2     1.68005    0.688493
           2      1.7057    0.768529
           2     1.73135     0.77791
           2       1.757    0.761296
           2     1.78265    0.810732
           2      1.8083    0.877832
           2     1.83395    0.913983
           2      1.8596    0.996726
           2     1.88525    0.977669
           2      1.9109     1.02083
           2     1.93655     1.04012
           2      1.9622     1.11224
           2     1.98785     1.18559
           2      2.0135     1.17435
           2     2.03915     1.21719
           2      2.0648     1.22293
           2     2.09045     1.22022
           2      2.1161     1.20301
           2     2.14174     1.19417
           2     2.16739     1.19222
           2     2.19304     1.18473
           2     2.21869     1.15997
           2     2.24434      1.1088
           2     2.26999     1.11051
           2     2.29564     1.10695
           2     2.32129     1.04684
           2     2.34694     1.01033
           2     2.37259    0.970293
           2     2.39824    0.949586
           2     2.42389    0.936013
           2     2.44954     0.90652
           2     2.47519    0.907932
           2     2.50084     0.89193
           2     2.52649    0.902995
           2     2.55214    0.851638
           3   0.0128248           0
           3   0.0384745           0
           3   0.0641241           0
           3   0.0897737           0
           3    0.115423           0
           3    0.141073           0
           3    0.166723           0
           3    0.192372           0
           3    0.218022           0
           3    0.243672           0
           3    0.269321           0
           3    0.294971           0
           3     0.32062           0
           3     0.34627           0
           3     0.37192           0
           3    0.397569           0
           3    0.423219           0
           3    0.448869           0
           3    0.474518           0
           3    0.500168           0
           3    0.525818           0
           3    0.551467           0
           3    0.577117           0
           3    0.602767           0
           3    0.628416           0
           3    0.654066           0
           3    0.679715           0
           3    0.705365           0
           3    0.731015           0
           3    0.756664           0
           3    0.782314           0
           3    0.807964           0
           3    0.833613           0
           3    0.859263           0
           3    0.884913 0.000917052
           3    0.910562   0.0398414
           3    0.936212     0.17861
           3    0.961861    0.603108
           3    0.987511     1.34725
           3     1.01316      1.9676
           3     1.03881     2.35012
           3     1.06446     2.49872
           3     1.09011     2.53783
           3     1.11576     2.40778
           3     1.14141     2.11393
           3     1.16706      1.9266
           3     1.19271     1.59121
           3     1.21836     1.52685
           3     1.24401     1.38519
           3     1.26966     1.23557
           3     1.29531     1.02554
           3     1.32096    0.971079
           3     1.34661    0.904736
           3     1.37226    0.869706
           3     1.39791    0.832571
           3     1.42355    0.837392
           3      1.4492    0.780486
           3     1.47485    0.733106
           3      1.5005    0.732339
           3     1.52615    0.749401
           3      1.5518    0.739893
           3     1.57745    0.706503
           3      1.6031    0.706991
           3     1.62875    0.711294
           3      1.6544    0.724306
           3     1.68005    0.706303
           3      1.7057    0.746437
           3     1.73135    0.784858
           3       1.757    0.829574
           3     1.78265    0.860224
           3      1.8083    0.938887
           3     1.83395    0.955406
           3      1.8596    0.951038
           3     1.88525    0.995653
           3      1.9109     1.01512
           3     1.93655     1.08512
           3      1.9622        1.11
           3     1.98785     1.10553
           3      2.0135     1.13086
           3     2.03915     1.18722
           3      2.0648     1.23102
           3     2.09045     1.20017
           3      2.1161     1.21512
           3     2.14174     1.19261
           3     2.16739     1.18434
           3     2.19304     1.17547
           3     2.21869     1.11883
           3     2.24434     1.08556
           3     2.26999     1.04883
           3     2.29564     1.02464
           3     2.32129     1.01678
           3     2.34694    0.988096
           3     2.37259    0.938334
           3     2.39824    0.937287
           3     2.42389    0.919206
           3     2.44954    0.913701
           3     2.47519    0.904299
           3     2.50084    0.897614
           3     2.52649    0.921166
           3     2.55214    0.929811
           4   0.0128248           0
           4   0.0384745           0
           4   0.0641241           0
           4   0.0897737           0
           4    0.115423           0
           4    0.141073           0
           4    0.166723           0
           4    0.192372           0
           4    0.218022           0
           4    0.243672           0
           4    0.269321           0
           4    0.294971           0
           4     0.32062           0
           4     0.34627           0
           4     0.37192           0
           4    0.397569           0
           4    0.423219           0
           4    0.448869           0
           4    0.474518           0
           4    0.500168           0
           4    0.525818           0
           4    0.551467           0
           4    0.577117           0
           4    0.602767           0
           4    0.628416           0
           4    0.654066           0
           4    0.679715           0
           4    0.705365           0
           4    0.731015           0
           4    0.756664           0
           4    0.782314           0
           4    0.807964           0
           4    0.833613           0
           4    0.859263           0
           4    0.884913           0
           4    0.910562    0.021653
           4    0.936212    0.200732
           4    0.961861    0.642307
           4    0.987511     1.29276
           4     1.01316     1.85707
           4     1.03881     2.20571
           4     1.06446     2.47527
           4     1.09011     2.39793
           4     1.11576     2.33279
           4     1.14141     2.13487
           4     1.16706     2.06184
           4     1.19271     1.78935
           4     1.21836     1.65385
           4     1.24401     1.42533
           4     1.26966     1.34271
           4     1.29531     1.16229
           4     1.32096     1.02417
           4     1.34661    0.881964
           4     1.37226    0.851782
           4     1.39791    0.842494
           4     1.42355    0.763859
           4      1.4492    0.716201
           4     1.47485    0.704218
           4      1.5005    0.645262
           4     1.52615    0.677097
           4      1.5518    0.680994
           4     1.57745    0.699433
           4      1.6031     0.68729
           4     1.62875    0.691802
           4      1.6544    0.735589
           4     1.68005    0.735563
           4      1.7057    0.768158
           4     1.73135    0.775514
           4       1.757    0.835739
           4     1.78265    0.818416
           4      1.8083    0.832589
           4     1.83395    0.901171
           4      1.8596    0.944081
           4     1.88525     1.03899
           4      1.9109     1.06783
           4     1.93655     1.08809
           4      1.9622       1.099
           4     1.98785     1.16896
           4      2.0135     1.17967
           4     2.03915     1.16788
           4      2.0648      1.2012
           4     2.09045     1.21176
           4      2.1161     1.20389
           4     2.14174       1.211
           4     2.16739     1.21614
           4     2.19304     1.19003
           4     2.21869     1.14866
           4     2.24434     1.14202
           4     2.26999     1.09824
           4     2.29564     1.06525
           4     2.32129     1.03818
           4     2.34694    0.984576
           4     2.37259    0.956961
           4     2.39824    0.928734
           4     2.42389    0.964372
           4     2.44954    0.928602
           4     2.47519    0.879506
           4     2.50084    0.874534
           4     2.52649    0.881056
           4     2.55214    0.882566
           5   0.0128248           0
           5   0.0384745           0
           5   0.0641241           0
           5   0.0897737           0
           5    0.115423           0
           5    0.141073           0
           5    0.166723           0
           5    0.192372           0
           5    0.218022           0
           5    0.243672           0
           5    0.269321           0
           5    0.294971           0
           5     0.32062           0
           5     0.34627           0
           5     0.37192           0
           5    0.397569           0
           5    0.423219           0
           5    0.448869           0
           5    0.474518           0
           5    0.500168           0
           5    0.525818           0
           5    0.551467           0
           5    0.577117           0
           5    0.602767           0
           5    0.628416           0
           5    0.654066           0
           5    0.679715           0
           5    0.705365           0
           5    0.731015           0
           5    0.756664           0
           5    0.782314           0
           5    0.807964           0
           5    0.833613           0
           5    0.859263           0
           5    0.884913  0.00137558
           5    0.910562   0.0285819
           5    0.936212    0.178201
           5    0.961861    0.653173
           5    0.987511     1.34247
           5     1.01316     1.98509
           5     1.03881     2.31651
           5     1.06446     2.38178
           5     1.09011     2.38494
           5     1.11576     2.35673
           5     1.14141     2.21177
           5     1.16706     1.98881
           5     1.19271      1.6374
           5     1.21836     1.55007
           5     1.24401     1.35293
           5     1.26966     1.22755
           5     1.29531     1.12976
           5     1.32096     1.03322
           5     1.34661    0.919984
           5     1.37226    0.900787
           5     1.39791    0.836614
           5     1.42355    0.768465
           5      1.4492    0.755182
           5     1.47485     0.73129
           5      1.5005    0.710809
           5     1.52615    0.675093
           5      1.5518    0.631787
           5     1.57745    0.674901
           5      1.6031    0.666611
           5     1.62875    0.722122
           5      1.6544    0.748445
           5     1.68005    0.778434
           5      1.7057    0.768529
           5     1.73135    0.784978
           5       1.757    0.819105
           5     1.78265    0.885986
           5      1.8083    0.903528
           5     1.83395    0.951883
           5      1.8596    0.997037
           5     1.88525     1.04081
           5      1.9109     1.07049
           5     1.93655     1.10331
           5      1.9622     1.10487
           5     1.98785      1.1128
           5      2.0135     1.14477
           5     2.03915     1.18049
           5      2.0648     1.22116
           5     2.09045     1.16895
           5      2.1161     1.19683
           5     2.14174     1.15041
           5     2.16739     1.13963
           5     2.19304     1.08789
           5     2.21869     1.09717
           5     2.24434     1.08435
           5     2.26999     1.09099
           5     2.29564     1.06089
           5     2.32129     1.00006
           5     2.34694    0.977275
           5     2.37259     1.03427
           5     2.39824    0.978742
           5     2.42389    0.955021
           5     2.44954    0.934766
           5     2.47519    0.925809
           5     2.50084    0.916274
           5     2.52649    0.907215
           5     2.55214    0.901751
           6   0.0128248           0
           6   0.0384745           0
           6   0.0641241           0
           6   0.0897737           0
           6    0.115423           0
           6    0.141073           0
           6    0.166723           0
           6    0.192372           0
           6    0.218022           0
           6    0.243672           0
           6    0.269321           0
           6    0.294971           0
           6     0.32062           0
           6     0.34627           0
           6     0.37192           0
           6    0.397569           0
           6    0.423219           0
           6    0.448869           0
           6    0.474518           0
           6    0.500168           0
           6    0.525818           0
           6    0.551467           0
           6    0.577117           0
           6    0.602767           0
           6    0.628416           0
           6    0.654066           0
           6    0.679715           0
           6    0.705365           0
           6    0.731015           0
           6    0.756664           0
           6    0.782314           0
           6    0.807964           0
           6    0.833613           0
           6    0.859263           0
           6    0.884913  0.00275116
           6    0.910562    0.029448
           6    0.936212     0.17902
           6    0.961861    0.642307
           6    0.987511      1.2541
           6     1.01316     1.87246
           6     1.03881     2.27026
           6     1.06446     2.46798
           6     1.09011      2.5617
           6     1.11576     2.31404
           6     1.14141     2.18669
           6     1.16706     1.99619
           6     1.19271     1.75199
           6     1.21836      1.5791
           6     1.24401     1.45247
           6     1.26966     1.29972
           6     1.29531     1.20873
           6     1.32096     1.08302
           6     1.34661    0.962953
           6     1.37226     0.84854
           6     1.39791    0.767891
           6     1.42355     0.70202
           6      1.4492    0.732272
           6     1.47485    0.695964
           6      1.5005    0.676839
           6     1.52615    0.676326
           6      1.5518    0.655197
           6     1.57745    0.653544
           6      1.6031    0.673737
           6     1.62875    0.696269
           6      1.6544    0.738213
           6     1.68005    0.741796
           6      1.7057    0.811355
           6     1.73135    0.818878
           6       1.757    0.809451
           6     1.78265    0.852879
           6      1.8083    0.907591
           6     1.83395    0.966723
           6      1.8596    0.976789
           6     1.88525     1.01566
           6      1.9109     1.03558
           6     1.93655     1.07708
           6      1.9622      1.1058
           6     1.98785     1.17196
           6      2.0135     1.18144
           6     2.03915     1.18515
           6      2.0648     1.15909
           6     2.09045     1.16533
           6      2.1161     1.17061
           6     2.14174     1.18979
           6     2.16739      1.1725
           6     2.19304     1.17054
           6     2.21869     1.13327
           6     2.24434     1.09875
           6     2.26999     1.05183
           6     2.29564     1.03582
           6     2.32129     1.02498
           6     2.34694     1.00127
           6     2.37259    0.960469
           6     2.39824     1.00634
           6     2.42389    0.948481
           6     2.44954    0.952181
           6     2.47519    0.924168
           6     2.50084    0.885844
           6     2.52649    0.902827
           6     2.55214    0.918345
           7   0.0128248           0
           7   0.0384745           0
           7   0.0641241           0
           7   0.0897737           0
           7    0.115423           0
           7    0.141073           0
           7    0.166723           0
           7    0.192372           0
           7    0.218022           0
           7    0.243672           0
           7    0.269321           0
           7    0.294971           0
           7     0.32062           0
           7     0.34627           0
           7     0.37192           0
           7    0.397569           0
           7    0.423219           0
           7    0.448869           0
           7    0.474518           0
           7    0.500168           0
           7    0.525818           0
           7    0.551467           0
           7    0.577117           0
           7    0.602767           0
           7    0.628416           0
           7    0.654066           0
           7    0.679715           0
           7    0.705365           0
           7    0.731015           0
           7    0.756664           0
           7    0.782314           0
           7    0.807964           0
           7    0.833613           0
           7    0.859263           0
           7    0.884913           0
           7    0.910562   0.0346447
           7    0.936212    0.160176
           7    0.961861    0.551103
           7    0.987511     1.27177
           7     1.01316     1.98125
           7     1.03881     2.39637
           7     1.06446     2.63403
           7     1.09011     2.51426
           7     1.11576     2.29241
           7     1.14141     2.05632
           7     1.16706     1.90972
           7     1.19271     1.77042
           7     1.21836     1.50435
           7     1.24401     1.34992
           7     1.26966     1.34605
           7     1.29531     1.21323
           7     1.32096     1.05277
           7     1.34661     0.92533
           7     1.37226    0.811548
           7     1.39791     0.80556
           7     1.42355    0.761378
           7      1.4492    0.725433
           7     1.47485     0.70983
           7      1.5005    0.687525
           7     1.52615    0.676172
           7      1.5518     0.67995
           7     1.57745    0.691496
           7      1.6031     0.68226
           7     1.62875     0.65282
           7      1.6544     0.67183
           7     1.68005      0.6932
           7      1.7057    0.746683
           7     1.73135     0.78929
           7       1.757    0.846091
           7     1.78265    0.849037
           7      1.8083    0.916924
           7     1.83395    0.990424
           7      1.8596     1.02601
           7     1.88525     1.01939
           7      1.9109     1.10058
           7     1.93655      1.1059
           7      1.9622     1.11858
           7     1.98785     1.13125
           7      2.0135     1.15053
           7     2.03915     1.20769
           7      2.0648     1.22116
           7     2.09045     1.23304
           7      2.1161     1.21592
           7     2.14174      1.2193
           7     2.16739     1.20789
           7     2.19304     1.17136
           7     2.21869     1.14174
           7     2.24434     1.07173
           7     2.26999     1.04096
           7     2.29564     1.04495
           7     2.32129    0.995859
           7     2.34694    0.972386
           7     2.37259    0.942417
           7     2.39824    0.917621
           7     2.42389    0.905821
           7     2.44954    0.881146
           7     2.47519      0.8747
           7     2.50084    0.879529
           7     2.52649    0.886457
           7     2.55214    0.874186
           8   0.0128248           0
           8   0.0384745           0
           8   0.0641241           0
           8   0.0897737           0
           8    0.115423           0
           8    0.141073           0
           8    0.166723           0
           8    0.192372           0
           8    0.218022           0
           8    0.243672           0
           8    0.269321           0
           8    0.294971           0
           8     0.32062           0
           8     0.34627           0
           8     0.37192           0
           8    0.397569           0
           8    0.423219           0
           8    0.448869           0
           8    0.474518           0
           8    0.500168           0
           8    0.525818           0
           8    0.551467           0
           8    0.577117           0
           8    0.602767           0
           8    0.628416           0
           8    0.654066           0
           8    0.679715           0
           8    0.705365           0
           8    0.731015           0
           8    0.756664           0
           8    0.782314           0
           8    0.807964           0
           8    0.833613           0
           8    0.859263           0
           8    0.884913   0.0018341
           8    0.910562    0.022086
           8    0.936212    0.172875
           8    0.961861    0.640754
           8    0.987511      1.3178
           8     1.01316      1.8875
           8     1.03881     2.28291
           8     1.06446     2.50569
           8     1.09011     2.54508
           8     1.11576      2.3377
           8     1.14141     2.23134
           8     1.16706      1.9875
           8     1.19271     1.78607
           8     1.21836     1.58152
           8     1.24401     1.38426
           8     1.26966     1.21106
           8     1.29531      1.1257
           8     1.32096     1.00297
           8     1.34661    0.941171
           8     1.37226    0.850447
           8     1.39791    0.810154
           8     1.42355    0.744013
           8      1.4492    0.745266
           8     1.47485    0.723036
           8      1.5005    0.658499
           8     1.52615    0.632543
           8      1.5518    0.642672
           8     1.57745    0.682549
           8      1.6031    0.680025
           8     1.62875    0.687606
           8      1.6544    0.694263
           8     1.68005    0.720297
           8      1.7057     0.75088
           8     1.73135    0.801868
           8       1.757    0.821897
           8     1.78265    0.898303
           8      1.8083    0.896939
           8     1.83395    0.947185
           8      1.8596    0.932243
           8     1.88525     1.02738
           8      1.9109     1.06301
           8     1.93655     1.08292
           8      1.9622     1.07689
           8     1.98785     1.10208
           8      2.0135     1.11962
           8     2.03915     1.20251
           8      2.0648     1.24584
           8     2.09045     1.23978
           8      2.1161     1.27374
           8     2.14174     1.22188
           8     2.16739     1.18136
           8     2.19304     1.16225
           8     2.21869     1.18047
           8     2.24434     1.13632
           8     2.26999     1.09009
           8     2.29564     1.04427
           8     2.32129     1.01725
           8     2.34694     1.03334
           8     2.37259     0.97514
           8     2.39824    0.938286
           8     2.42389    0.931063
           8     2.44954    0.878872
           8     2.47519    0.864971
           8     2.50084     0.84175
           8     2.52649    0.860186
           8     2.55214     0.83317
           9   0.0128248           0
           9   0.0384745           0
           9   0.0641241           0
           9   0.0897737           0
           9    0.115423           0
           9    0.141073           0
           9    0.166723           0
           9    0.192372           0
           9    0.218022           0
           9    0.243672           0
           9    0.269321           0
           9    0.294971           0
           9     0.32062           0
           9     0.34627           0
           9     0.37192           0
           9    0.397569           0
           9    0.423219           0
           9    0.448869           0
           9    0.474518           0
           9    0.500168           0
           9    0.525818           0
           9    0.551467           0
           9    0.577117           0
           9    0.602767           0
           9    0.628416           0
           9    0.654066           0
           9    0.679715           0
           9    0.705365           0
           9    0.731015           0
           9    0.756664           0
           9    0.782314           0
           9    0.807964           0
           9    0.833613           0
           9    0.859263           0
           9    0.884913  0.00320968
           9    0.910562   0.0385423
           9    0.936212    0.173285
           9    0.961861    0.646188
           9    0.987511     1.25152
           9     1.01316     1.94137
           9     1.03881     2.21636
           9     1.06446     2.43566
           9     1.09011     2.51607
           9     1.11576     2.34375
           9     1.14141     2.15637
           9     1.16706     1.85568
           9     1.19271     1.78102
           9     1.21836     1.65747
           9     1.24401     1.43832
           9     1.26966     1.26809
           9     1.29531     1.16208
           9     1.32096     1.01738
           9     1.34661    0.997408
           9     1.37226    0.898308
           9     1.39791     0.83349
           9     1.42355    0.763327
           9      1.4492    0.741163
           9     1.47485     0.70983
           9      1.5005    0.680986
           9     1.52615    0.698988
           9      1.5518    0.679502
           9     1.57745    0.664944
           9      1.6031    0.684356
           9     1.62875    0.698976
           9      1.6544    0.680488
           9     1.68005    0.686076
           9      1.7057    0.713607
           9     1.73135    0.769525
           9       1.757    0.812592
           9     1.78265    0.897173
           9      1.8083    0.907261
           9     1.83395    0.938965
           9      1.8596    0.940031
           9     1.88525    0.982923
           9      1.9109     1.00421
           9     1.93655     1.12466
           9      1.9622     1.13276
           9     1.98785     1.14942
           9      2.0135     1.18507
           9     2.03915     1.16926
           9      2.0648     1.17004
           9     2.09045     1.20724
           9      2.1161     1.20894
           9     2.14174     1.17985
           9     2.16739     1.17838
           9     2.19304     1.15255
           9     2.21869     1.18127
           9     2.24434      1.1473
           9     2.26999     1.09294
           9     2.29564     1.06954
           9     2.32129     1.03584
           9     2.34694     1.01893
           9     2.37259    0.973163
           9     2.39824    0.979491
           9     2.42389    0.978856
           9     2.44954    0.928183
           9     2.47519    0.902951
           9     2.50084    0.876715
           9     2.52649    0.902658
           9     2.55214    0.909414
          10   0.0128248           0
          10   0.0384745           0
          10   0.0641241           0
          10   0.0897737           0
          10    0.115423           0
          10    0.141073           0
          10    0.166723           0
          10    0.192372           0
          10    0.218022           0
          10    0.243672           0
          10    0.269321           0
          10    0.294971           0
          10     0.32062           0
          10     0.34627           0
          10     0.37192           0
          10    0.397569           0
          10    0.423219           0
          10    0.448869           0
          10    0.474518           0
          10    0.500168           0
          10    0.525818           0
          10    0.551467           0
          10    0.577117           0
          10    0.602767           0
          10    0.628416           0
          10    0.654066           0
          10    0.679715           0
          10    0.705365           0
          10    0.731015           0
          10    0.756664           0
          10    0.782314           0
          10    0.807964           0
          10    0.833613           0
          10    0.859263           0
          10    0.884913  0.00366821
          10    0.910562   0.0372431
          10    0.936212    0.201141
          10    0.961861    0.590689
          10    0.987511     1.26993
          10     1.01316     1.91688
          10     1.03881     2.35577
          10     1.06446     2.58269
          10     1.09011     2.54478
          10     1.11576     2.41355
          10     1.14141     2.18531
          10     1.16706     1.89654
          10     1.19271     1.59449
          10     1.21836     1.48597
          10     1.24401     1.36802
          10     1.26966     1.17431
          10     1.29531     1.10237
          10     1.32096    0.978281
          10     1.34661    0.958201
          10     1.37226    0.902885
          10     1.39791    0.888799
          10     1.42355    0.815066
          10      1.4492    0.779289
          10     1.47485    0.714452
          10      1.5005    0.718145
          10     1.52615    0.719338
          10      1.5518    0.710816
          10     1.57745    0.715594
          10      1.6031    0.672619
          10     1.62875    0.709128
          10      1.6544     0.69282
          10     1.68005    0.707575
          10      1.7057    0.759889
          10     1.73135     0.80079
          10       1.757    0.816895
          10     1.78265    0.825308
          10      1.8083    0.888703
          10     1.83395    0.932025
          10      1.8596    0.960798
          10     1.88525    0.973022
          10      1.9109     1.02988
          10     1.93655     1.10676
          10      1.9622     1.11765
          10     1.98785      1.1486
          10      2.0135     1.20907
          10     2.03915     1.20518
          10      2.0648     1.21164
          10     2.09045     1.20724
          10      2.1161     1.19018
          10     2.14174     1.14689
          10     2.16739     1.14291
          10     2.19304     1.14366
          10     2.21869     1.11584
          10     2.24434     1.10381
          10     2.26999     1.07413
          10     2.29564     1.06477
          10     2.32129     1.04017
          10     2.34694    0.995789
          10     2.37259    0.950008
          10     2.39824    0.967567
          10     2.42389     0.92324
          10     2.44954    0.888327
          10     2.47519    0.896679
          10     2.50084    0.897155
          10     2.52649    0.904514
          10     2.55214    0.904948
          11   0.0128248           0
          11   0.0384745           0
          11   0.0641241           0
          11   0.0897737           0
          11    0.115423           0
          11    0.141073           0
          11    0.166723           0
          11    0.192372           0
          11    0.218022           0
          11    0.243672           0
          11    0.269321           0
          11    0.294971           0
          11     0.32062           0
          11     0.34627           0
          11     0.37192           0
          11    0.397569           0
          11    0.423219           0
          11    0.448869           0
          11    0.474518           0
          11    0.500168           0
          11    0.525818           0
          11    0.551467           0
          11    0.577117           0
          11    0.602767           0
          11    0.628416           0
          11    0.654066           0
          11    0.679715           0
          11    0.705365           0
          11    0.731015           0
          11    0.756664           0
          11    0.782314           0
          11    0.807964           0
          11    0.833613           0
          11    0.859263           0
          11    0.884913           0
          11    0.910562   0.0303141
          11    0.936212    0.217937
          11    0.961861    0.600392
          11    0.987511      1.1429
          11     1.01316     1.85112
          11     1.03881     2.45293
          11     1.06446     2.57699
          11     1.09011     2.54599
          11     1.11576     2.46143
          11     1.14141     2.24567
          11     1.16706     1.89312
          11     1.19271     1.69469
          11     1.21836     1.57741
          11     1.24401     1.37034
          11     1.26966     1.22576
          11     1.29531     1.07155
          11     1.32096    0.988364
          11     1.34661    0.883945
          11     1.37226    0.886486
          11     1.39791    0.815666
          11     1.42355    0.786716
          11      1.4492     0.75296
          11     1.47485    0.691176
          11      1.5005    0.700124
          11     1.52615    0.681568
          11      1.5518    0.671599
          11     1.57745    0.685435
          11      1.6031    0.702101
          11     1.62875    0.731868
          11      1.6544     0.73795
          11     1.68005    0.747139
          11      1.7057    0.752608
          11     1.73135    0.767968
          11       1.757    0.792003
          11     1.78265    0.834913
          11      1.8083    0.883761
          11     1.83395    0.905762
          11      1.8596    0.965575
          11     1.88525    0.997673
          11      1.9109     1.00637
          11     1.93655     1.02528
          11      1.9622     1.14973
          11     1.98785     1.19649
          11      2.0135     1.22262
          11     2.03915     1.19214
          11      2.0648     1.22487
          11     2.09045     1.21348
          11      2.1161     1.21656
          11     2.14174      1.2067
          11     2.16739     1.18366
          11     2.19304     1.16546
          11     2.21869     1.14487
          11     2.24434     1.13753
          11     2.26999     1.05085
          11     2.29564     1.04059
          11     2.32129     1.00332
          11     2.34694    0.952502
          11     2.37259    0.928128
          11     2.39824    0.916185
          11     2.42389    0.927762
          11     2.44954    0.919925
          11     2.47519    0.922351
          11     2.50084    0.907317
          11     2.52649    0.887863
          11     2.55214    0.876832
          12   0.0128248           0
          12   0.0384745           0
          12   0.0641241           0
          12   0.0897737           0
          12    0.115423           0
          12    0.141073           0
          12    0.166723           0
          12    0.192372           0
          12    0.218022           0
          12    0.243672           0
          12    0.269321           0
          12    0.294971           0
          12     0.32062           0
          12     0.34627           0
          12     0.37192           0
          12    0.397569           0
          12    0.423219           0
          12    0.448869           0
          12    0.474518           0
          12    0.500168           0
          12    0.525818           0
          12    0.551467           0
          12    0.577117           0
          12    0.602767           0
          12    0.628416           0
          12    0.654066           0
          12    0.679715           0
          12    0.705365           0
          12    0.731015           0
          12    0.756664           0
          12    0.782314           0
          12    0.807964           0
          12    0.833613           0
          12    0.859263           0
          12    0.884913 0.000458526
          12    0.910562   0.0316133
          12    0.936212    0.197864
          12    0.961861    0.652009
          12    0.987511     1.17935
          12     1.01316     1.85182
          12     1.03881     2.38472
          12     1.06446     2.60741
          12     1.09011     2.59886
          12     1.11576     2.45537
          12     1.14141     2.20956
          12     1.16706      1.9382
          12     1.19271     1.74341
          12     1.21836     1.53556
          12     1.24401     1.33089
          12     1.26966     1.22732
          12     1.29531     1.07968
          12     1.32096    0.963465
          12     1.34661    0.915429
          12     1.37226    0.850447
          12     1.39791    0.787736
          12     1.42355     0.78016
          12      1.4492    0.713465
          12     1.47485    0.697614
          12      1.5005    0.691671
          12     1.52615    0.711476
          12      1.5518     0.67652
          12     1.57745    0.673025
          12      1.6031    0.665214
          12     1.62875    0.663919
          12      1.6544    0.710006
          12     1.68005    0.754772
          12      1.7057    0.796421
          12     1.73135    0.805222
          12       1.757    0.828062
          12     1.78265    0.884969
          12      1.8083    0.906273
          12     1.83395     0.94142
          12      1.8596    0.993507
          12     1.88525     1.04809
          12      1.9109     1.04551
          12     1.93655      1.0586
          12      1.9622     1.09704
          12     1.98785      1.1656
          12      2.0135     1.20863
          12     2.03915      1.2152
          12      2.0648     1.18933
          12     2.09045     1.21537
          12      2.1161     1.21006
          12     2.14174     1.16701
          12     2.16739     1.21431
          12     2.19304     1.20354
          12     2.21869     1.09571
          12     2.24434     1.09169
          12     2.26999     1.03643
          12     2.29564     1.00168
          12     2.32129    0.998991
          12     2.34694    0.956349
          12     2.37259    0.952942
          12     2.39824    0.923615
          12     2.42389    0.911383
          12     2.44954    0.916035
          12     2.47519    0.929032
          12     2.50084    0.902552
          12     2.52649    0.908846
          12     2.55214    0.891607
          13   0.0128248           0
          13   0.0384745           0
          13   0.0641241           0
          13   0.0897737           0
          13    0.115423           0
          13    0.141073           0
          13    0.166723           0
          13    0.192372           0
          13    0.218022           0
          13    0.243672           0
          13    0.269321           0
          13    0.294971           0
          13     0.32062           0
          13     0.34627           0
          13     0.37192           0
          13    0.397569           0
          13    0.423219           0
          13    0.448869           0
          13    0.474518           0
          13    0.500168           0
          13    0.525818           0
          13    0.551467           0
          13    0.577117           0
          13    0.602767           0
          13    0.628416           0
          13    0.654066           0
          13    0.679715           0
          13    0.705365           0
          13    0.731015           0
          13    0.756664           0
          13    0.782314           0
          13    0.807964           0
          13    0.833613           0
          13    0.859263           0
          13    0.884913 0.000917052
          13    0.910562   0.0433059
          13    0.936212    0.197864
          13    0.961861     0.65395
          13    0.987511     1.22206
          13     1.01316     1.79655
          13     1.03881     2.38273
          13     1.06446     2.45942
          13     1.09011     2.59796
          13     1.11576     2.34058
          13     1.14141     2.10759
          13     1.16706     1.95823
          13     1.19271     1.75224
          13     1.21836     1.60716
          13     1.24401     1.39563
          13     1.26966     1.22977
          13     1.29531     1.12762
          13     1.32096    0.980133
          13     1.34661    0.891271
          13     1.37226    0.889156
          13     1.39791    0.902396
          13     1.42355    0.793626
          13      1.4492    0.778263
          13     1.47485    0.728649
          13      1.5005    0.682421
          13     1.52615    0.697909
          13      1.5518    0.705746
          13     1.57745    0.682261
          13      1.6031    0.670244
          13     1.62875    0.679079
          13      1.6544    0.702791
          13     1.68005    0.728439
          13      1.7057    0.735823
          13     1.73135    0.787014
          13       1.757    0.798983
          13     1.78265    0.841693
          13      1.8083    0.893425
          13     1.83395    0.861776
          13      1.8596    0.904934
          13     1.88525    0.974133
          13      1.9109     1.06744
          13     1.93655     1.11518
          13      1.9622     1.13919
          13     1.98785      1.1815
          13      2.0135     1.21385
          13     2.03915     1.21831
          13      2.0648     1.22773
          13     2.09045     1.21685
          13      2.1161     1.22298
          13     2.14174     1.18204
          13     2.16739     1.18679
          13     2.19304     1.13418
          13     2.21869     1.08491
          13     2.24434     1.14245
          13     2.26999     1.07838
          13     2.29564     1.02553
          13     2.32129     1.03104
          13     2.34694    0.989987
          13     2.37259     0.98675
          13     2.39824    0.956766
          13     2.42389    0.951048
          13     2.44954     0.92561
          13     2.47519    0.930732
          13     2.50084    0.917767
          13     2.52649    0.897876
          13     2.55214    0.865476
          14   0.0128248           0
          14   0.0384745           0
          14   0.0641241           0
          14   0.0897737           0
          14    0.115423           0
          14    0.141073           0
          14    0.166723           0
          14    0.192372           0
          14    0.218022           0
          14    0.243672           0
          14    0.269321           0
          14    0.294971           0
          14     0.32062           0
          14     0.34627           0
          14     0.37192           0
          14    0.397569           0
          14    0.423219           0
          14    0.448869           0
          14    0.474518           0
          14    0.500168           0
          14    0.525818           0
          14    0.551467           0
          14    0.577117           0
          14    0.602767           0
          14    0.628416           0
          14    0.654066           0
          14    0.679715           0
          14    0.705365           0
          14    0.731015           0
          14    0.756664           0
          14    0.782314           0
          14    0.807964           0
          14    0.833613           0
          14    0.859263           0
          14    0.884913  0.00458526
          14    0.910562   0.0324794
          14    0.936212    0.194996
          14    0.961861    0.626006
          14    0.987511     1.21433
          14     1.01316     1.89764
          14     1.03881     2.43197
          14     1.06446     2.53041
          14     1.09011     2.47196
          14     1.11576     2.35327
          14     1.14141      2.0927
          14     1.16706     1.87018
          14     1.19271     1.71741
          14     1.21836     1.59361
          14     1.24401     1.45062
          14     1.26966     1.32533
          14     1.29531     1.22864
          14     1.32096     1.08014
          14     1.34661    0.915429
          14     1.37226    0.900406
          14     1.39791    0.798578
          14     1.42355    0.696173
          14      1.4492    0.718252
          14     1.47485    0.694973
          14      1.5005    0.696775
          14     1.52615    0.681876
          14      1.5518    0.664442
          14     1.57745    0.626849
          14      1.6031     0.65208
          14     1.62875    0.669739
          14      1.6544    0.677865
          14     1.68005    0.672082
          14      1.7057    0.743228
          14     1.73135    0.771561
          14       1.757    0.809335
          14     1.78265    0.861467
          14      1.8083    0.919231
          14     1.83395    0.960958
          14      1.8596     0.96734
          14     1.88525     1.02717
          14      1.9109     1.06537
          14     1.93655     1.16449
          14      1.9622     1.13985
          14     1.98785     1.16051
          14      2.0135     1.18852
          14     2.03915      1.2285
          14      2.0648     1.24129
          14     2.09045     1.25785
          14      2.1161     1.20317
          14     2.14174     1.13703
          14     2.16739     1.13733
          14     2.19304     1.15135
          14     2.21869     1.13575
          14     2.24434     1.10695
          14     2.26999     1.06256
          14     2.29564     1.03302
          14     2.32129     1.02991
          14     2.34694        1.01
          14     2.37259    0.929659
          14     2.39824    0.935727
          14     2.42389    0.946036
          14     2.44954    0.890122
          14     2.47519    0.873704
          14     2.50084    0.897959
          14     2.52649    0.905021
          14     2.55214    0.897285
          15   0.0128248           0
          15   0.0384745           0
          15   0.0641241           0
          15   0.0897737           0
          15    0.115423           0
          15    0.141073           0
          15    0.166723           0
          15    0.192372           0
          15    0.218022           0
          15    0.243672           0
          15    0.269321           0
          15    0.294971           0
          15     0.32062           0
          15     0.34627           0
          15     0.37192           0
          15    0.397569           0
          15    0.423219           0
          15    0.448869           0
          15    0.474518           0
          15    0.500168           0
          15    0.525818           0
          15    0.551467           0
          15    0.577117           0
          15    0.602767           0
          15    0.628416           0
          15    0.654066           0
          15    0.679715           0
          15    0.705365           0
          15    0.731015           0
          15    0.756664           0
          15    0.782314           0
          15    0.807964           0
          15    0.833613           0
          15    0.859263           0
          15    0.884913           0
          15    0.910562   0.0264166
          15    0.936212    0.208105
          15    0.961861     0.63338
          15    0.987511     1.30601
          15     1.01316      1.9683
          15     1.03881     2.40535
          15     1.06446     2.57192
          15     1.09011     2.48284
          15     1.11576     2.41326
          15     1.14141     2.12026
          15     1.16706     1.87598
          15     1.19271      1.7631
          15     1.21836     1.55443
          15     1.24401      1.3947
          15     1.26966     1.25539
          15     1.29531      1.1197
          15     1.32096     1.01038
          15     1.34661    0.868301
          15     1.37226    0.809641
          15     1.39791     0.73353
          15     1.42355    0.734445
          15      1.4492    0.679613
          15     1.47485    0.770743
          15      1.5005    0.696615
          15     1.52615    0.683572
          15      1.5518    0.671749
          15     1.57745    0.667542
          15      1.6031    0.675134
          15     1.62875    0.667709
          15      1.6544    0.738475
          15     1.68005    0.749684
          15      1.7057     0.77075
          15     1.73135     0.81792
          15       1.757     0.84423
          15     1.78265     0.87254
          15      1.8083    0.935153
          15     1.83395    0.978466
          15      1.8596     1.00898
          15     1.88525     1.01798
          15      1.9109     1.08249
          15     1.93655     1.09326
          15      1.9622     1.15859
          15     1.98785      1.1835
          15      2.0135     1.19897
          15     2.03915     1.20259
          15      2.0648     1.20432
          15     2.09045     1.18817
          15      2.1161      1.1755
          15     2.14174     1.16176
          15     2.16739     1.12549
          15     2.19304     1.09394
          15     2.21869     1.07915
          15     2.24434     1.09476
          15     2.26999     1.04514
          15     2.29564     1.01101
          15     2.32129     1.01845
          15     2.34694    0.960912
          15     2.37259    0.970675
          15     2.39824    0.918683
          15     2.42389    0.931796
          15     2.44954    0.906161
          15     2.47519    0.920299
          15     2.50084    0.912484
          15     2.52649    0.882856
          15     2.55214    0.857702
          16   0.0128248           0
          16   0.0384745           0
          16   0.0641241           0
          16   0.0897737           0
          16    0.115423           0
          16    0.141073           0
          16    0.166723           0
          16    0.192372           0
          16    0.218022           0
          16    0.243672           0
          16    0.269321           0
          16    0.294971           0
          16     0.32062           0
          16     0.34627           0
          16     0.37192           0
          16    0.397569           0
          16    0.423219           0
          16    0.448869           0
          16    0.474518           0
          16    0.500168           0
          16    0.525818           0
          16    0.551467           0
          16    0.577117           0
          16    0.602767           0
          16    0.628416           0
          16    0.654066           0
          16    0.679715           0
          16    0.705365           0
          16    0.731015           0
          16    0.756664           0
          16    0.782314           0
          16    0.807964           0
          16    0.833613           0
          16    0.859263           0
          16    0.884913  0.00275116
          16    0.910562   0.0381092
          16    0.936212     0.19131
          16    0.961861    0.615916
          16    0.987511     1.20955
          16     1.01316     1.90009
          16     1.03881     2.36908
          16     1.06446     2.55132
          16     1.09011     2.38463
          16     1.11576     2.30626
          16     1.14141     2.24043
          16     1.16706     2.04391
          16     1.19271     1.76461
          16     1.21836     1.59458
          16     1.24401     1.40189
          16     1.26966     1.29281
          16     1.29531     1.10558
          16     1.32096    0.998242
          16     1.34661    0.927706
          16     1.37226    0.877333
          16     1.39791    0.807214
          16     1.42355     0.75748
          16      1.4492     0.66149
          16     1.47485    0.653374
          16      1.5005    0.640318
          16     1.52615    0.655822
          16      1.5518    0.677713
          16     1.57745    0.658739
          16      1.6031    0.711043
          16     1.62875    0.732409
          16      1.6544    0.759465
          16     1.68005    0.734799
          16      1.7057    0.750756
          16     1.73135    0.762817
          16       1.757    0.820734
          16     1.78265    0.869941
          16      1.8083    0.898696
          16     1.83395    0.973128
          16      1.8596     1.01562
          16     1.88525     1.06243
          16      1.9109     1.08042
          16     1.93655     1.06741
          16      1.9622     1.09545
          16     1.98785     1.16069
          16      2.0135     1.20615
          16     2.03915     1.23714
          16      2.0648      1.2653
          16     2.09045      1.2074
          16      2.1161     1.20589
          16     2.14174     1.17875
          16     2.16739     1.16967
          16     2.19304     1.12582
          16     2.21869     1.09636
          16     2.24434     1.06952
          16     2.26999     1.07406
          16     2.29564     1.01721
          16     2.32129    0.989795
          16     2.34694    0.986988
          16     2.37259    0.933997
          16     2.39824    0.899204
          16     2.42389    0.912055
          16     2.44954    0.910948
          16     2.47519    0.882964
          16     2.50084    0.867586
          16     2.52649    0.865811
          16     2.55214    0.915147
          17   0.0128248           0
          17   0.0384745           0
          17   0.0641241           0
          17   0.0897737           0
          17    0.115423           0
          17    0.141073           0
          17    0.166723           0
          17    0.192372           0
          17    0.218022           0
          17    0.243672           0
          17    0.269321           0
          17    0.294971           0
          17     0.32062           0
          17     0.34627           0
          17     0.37192           0
          17    0.397569           0
          17    0.423219           0
          17    0.448869           0
          17    0.474518           0
          17    0.500168           0
          17    0.525818           0
          17    0.551467           0
          17    0.577117           0
          17    0.602767           0
          17    0.628416           0
          17    0.654066           0
          17    0.679715           0
          17    0.705365           0
          17    0.731015           0
          17    0.756664           0
          17    0.782314           0
          17    0.807964           0
          17    0.833613           0
          17    0.859263           0
          17    0.884913  0.00275116
          17    0.910562     0.03681
          17    0.936212    0.210563
          17    0.961861     0.66404
          17    0.987511     1.25557
          17     1.01316     1.92808
          17     1.03881     2.33614
          17     1.06446     2.52122
          17     1.09011     2.51335
          17     1.11576     2.29472
          17     1.14141     2.08526
          17     1.16706      1.9838
          17     1.19271     1.87492
          17     1.21836     1.59942
          17     1.24401     1.40352
          17     1.26966     1.22265
          17     1.29531     1.08075
          17     1.32096     1.04063
          17     1.34661    0.915825
          17     1.37226    0.816887
          17     1.39791    0.825405
          17     1.42355    0.799296
          17      1.4492    0.742701
          17     1.47485     0.69943
          17      1.5005    0.647814
          17     1.52615    0.679872
          17      1.5518    0.645505
          17     1.57745    0.677354
          17      1.6031    0.658647
          17     1.62875    0.670687
          17      1.6544    0.695838
          17     1.68005    0.747648
          17      1.7057    0.777168
          17     1.73135    0.795639
          17       1.757    0.822362
          17     1.78265    0.887455
          17      1.8083     0.93109
          17     1.83395    0.943555
          17      1.8596    0.967859
          17     1.88525     1.01646
          17      1.9109     1.09606
          17     1.93655     1.11011
          17      1.9622     1.12408
          17     1.98785     1.13606
          17      2.0135     1.17223
          17     2.03915     1.17816
          17      2.0648     1.20684
          17     2.09045     1.24167
          17      2.1161     1.21079
          17     2.14174     1.18587
          17     2.16739     1.23525
          17     2.19304     1.20645
          17     2.21869     1.15574
          17     2.24434     1.13703
          17     2.26999     1.05685
          17     2.29564     1.00318
          17     2.32129    0.984597
          17     2.34694    0.949178
          17     2.37259    0.941332
          17     2.39824    0.944405
          17     2.42389    0.908816
          17     2.44954    0.887609
          17     2.47519    0.877572
          17     2.50084    0.861788
          17     2.52649    0.857823
          17     2.55214     0.90153
          18   0.0128248           0
          18   0.0384745           0
          18   0.0641241           0
          18   0.0897737           0
          18    0.115423           0
          18    0.141073           0
          18    0.166723           0
          18    0.192372           0
          18    0.218022           0
          18    0.243672           0
          18    0.269321           0
          18    0.294971           0
          18     0.32062           0
          18     0.34627           0
          18     0.37192           0
          18    0.397569           0
          18    0.423219           0
          18    0.448869           0
          18    0.474518           0
          18    0.500168           0
          18    0.525818           0
          18    0.551467           0
          18    0.577117           0
          18    0.602767           0
          18    0.628416           0
          18    0.654066           0
          18    0.679715           0
          18    0.705365           0
          18    0.731015           0
          18    0.756664           0
          18    0.782314           0
          18    0.807964           0
          18    0.833613           0
          18    0.859263           0
          18    0.884913           0
          18    0.910562    0.029448
          18    0.936212    0.197045
          18    0.961861      0.6621
          18    0.987511     1.27766
          18     1.01316     1.91094
          18     1.03881     2.29954
          18     1.06446     2.47622
          18     1.09011     2.55475
          18     1.11576     2.39538
          18     1.14141     2.21011
          18     1.16706     2.01781
          18     1.19271     1.77042
          18     1.21836     1.57354
          18     1.24401     1.36082
          18     1.26966     1.19547
          18     1.29531     1.07348
          18     1.32096     1.05154
          18     1.34661    0.915627
          18     1.37226    0.832523
          18     1.39791    0.755029
          18     1.42355    0.756239
          18      1.4492    0.729366
          18     1.47485    0.702402
          18      1.5005    0.703951
          18     1.52615    0.684188
          18      1.5518    0.673389
          18     1.57745    0.700298
          18      1.6031     0.67751
          18     1.62875    0.750276
          18      1.6544    0.732309
          18     1.68005    0.747139
          18      1.7057    0.734712
          18     1.73135    0.769764
          18       1.757    0.833878
          18     1.78265    0.902144
          18      1.8083    0.903308
          18     1.83395    0.946118
          18      1.8596      0.9798
          18     1.88525     1.00091
          18      1.9109     1.02132
          18     1.93655     1.11605
          18      1.9622     1.13723
          18     1.98785     1.14651
          18      2.0135     1.18897
          18     2.03915     1.21304
          18      2.0648     1.25435
          18     2.09045     1.26344
          18      2.1161     1.22578
          18     2.14174       1.189
          18     2.16739     1.16562
          18     2.19304     1.14262
          18     2.21869     1.12583
          18     2.24434     1.07024
          18     2.26999     1.02305
          18     2.29564    0.982397
          18     2.32129    0.995726
          18     2.34694    0.959738
          18     2.37259    0.963021
          18     2.39824     0.92299
          18     2.42389    0.912789
          18     2.44954    0.908076
          18     2.47519    0.911684
          18     2.50084    0.898303
          18     2.52649    0.885782
          18     2.55214    0.913218
          19   0.0128248           0
          19   0.0384745           0
          19   0.0641241           0
          19   0.0897737           0
          19    0.115423           0
          19    0.141073           0
          19    0.166723           0
          19    0.192372           0
          19    0.218022           0
          19    0.243672           0
          19    0.269321           0
          19    0.294971           0
          19     0.32062           0
          19     0.34627           0
          19     0.37192           0
          19    0.397569           0
          19    0.423219           0
          19    0.448869           0
          19    0.474518           0
          19    0.500168           0
          19    0.525818           0
          19    0.551467           0
          19    0.577117           0
          19    0.602767           0
          19    0.628416           0
          19    0.654066           0
          19    0.679715           0
          19    0.705365           0
          19    0.731015           0
          19    0.756664           0
          19    0.782314           0
          19    0.807964           0
          19    0.833613           0
          19    0.859263           0
          19    0.884913  0.00275116
          19    0.910562   0.0173224
          19    0.936212    0.171646
          19    0.961861    0.570896
          19    0.987511     1.28355
          19     1.01316     1.97355
          19     1.03881     2.40003
          19     1.06446     2.55386
          19     1.09011     2.48495
          19     1.11576       2.385
          19     1.14141     2.12302
          19     1.16706     2.02836
          19     1.19271     1.77345
          19     1.21836     1.55926
          19     1.24401       1.407
          19     1.26966     1.20126
          19     1.29531     1.09424
          19     1.32096    0.987541
          19     1.34661    0.871272
          19     1.37226    0.864367
          19     1.39791    0.758704
          19     1.42355    0.763327
          19      1.4492    0.749882
          19     1.47485    0.714782
          19      1.5005    0.678913
          19     1.52615    0.689584
          19      1.5518    0.663697
          19     1.57745    0.647339
          19      1.6031    0.675554
          19     1.62875    0.718874
          19      1.6544    0.728242
          19     1.68005    0.725513
          19      1.7057    0.787535
          19     1.73135    0.797076
          19       1.757    0.832249
          19     1.78265    0.861015
          19      1.8083    0.897378
          19     1.83395    0.886972
          19      1.8596    0.979385
          19     1.88525     1.07021
          19      1.9109     1.07963
          19     1.93655     1.10609
          19      1.9622     1.22397
          19     1.98785      1.1805
          19      2.0135     1.19012
          19     2.03915     1.22919
          19      2.0648     1.17661
          19     2.09045     1.17412
          19      2.1161     1.18015
          19     2.14174     1.16028
          19     2.16739     1.16906
          19     2.19304     1.12873
          19     2.21869     1.08776
          19     2.24434     1.08499
          19     2.26999      1.0965
          19     2.29564      1.0583
          19     2.32129    0.997658
          19     2.34694    0.964432
          19     2.37259     0.93406
          19     2.39824    0.938723
          19     2.42389    0.929107
          19     2.44954    0.926448
          19     2.47519    0.891229
          19     2.50084     0.86041
          19     2.52649    0.871493
          19     2.55214    0.863491
          20   0.0128248           0
          20   0.0384745           0
          20   0.0641241           0
          20   0.0897737           0
          20    0.115423           0
          20    0.141073           0
          20    0.166723           0
          20    0.192372           0
          20    0.218022           0
          20    0.243672           0
          20    0.269321           0
          20    0.294971           0
          20     0.32062           0
          20     0.34627           0
          20     0.37192           0
          20    0.397569           0
          20    0.423219           0
          20    0.448869           0
          20    0.474518           0
          20    0.500168           0
          20    0.525818           0
          20    0.551467           0
          20    0.577117           0
          20    0.602767           0
          20    0.628416           0
          20    0.654066           0
          20    0.679715           0
          20    0.705365           0
          20    0.731015           0
          20    0.756664           0
          20    0.782314           0
          20    0.807964           0
          20    0.833613           0
          20    0.859263           0
          20    0.884913 0.000917052
          20    0.910562   0.0229521
          20    0.936212    0.177381
          20    0.961861    0.602332
          20    0.987511     1.25005
          20     1.01316     1.99454
          20     1.03881     2.41068
          20     1.06446     2.50284
          20     1.09011      2.4922
          20     1.11576     2.34952
          20     1.14141     2.24677
          20     1.16706     1.97458
          20     1.19271     1.63866
          20     1.21836      1.5208
          20     1.24401     1.39563
          20     1.26966     1.19748
          20     1.29531     1.10173
          20     1.32096    0.965111
          20     1.34661    0.967111
          20     1.37226    0.904029
          20     1.39791    0.803906
          20     1.42355    0.771123
          20      1.4492    0.771937
          20     1.47485    0.752915
          20      1.5005    0.674288
          20     1.52615    0.643643
          20      1.5518    0.643268
          20     1.57745    0.672015
          20      1.6031    0.676951
          20     1.62875     0.66798
          20      1.6544    0.640606
          20     1.68005    0.709865
          20      1.7057    0.769639
          20     1.73135    0.759582
          20       1.757    0.846789
          20     1.78265    0.875478
          20      1.8083    0.893315
          20     1.83395    0.970673
          20      1.8596     1.00877
          20     1.88525      1.0498
          20      1.9109     1.05918
          20     1.93655     1.09211
          20      1.9622     1.13061
          20     1.98785     1.18695
          20      2.0135     1.18967
          20     2.03915     1.24379
          20      2.0648     1.27338
          20     2.09045     1.19056
          20      2.1161     1.19034
          20     2.14174     1.20443
          20     2.16739     1.18029
          20     2.19304     1.12768
          20     2.21869     1.08819
          20     2.24434     1.07779
          20     2.26999     1.04807
          20     2.29564     1.03513
          20     2.32129     1.00892
          20     2.34694     1.00609
          20     2.37259    0.978585
          20     2.39824     0.94353
          20     2.42389    0.944447
          20     2.44954    0.882043
          20     2.47519    0.886129
          20     2.50084    0.879758
          20     2.52649    0.874474
          20     2.55214    0.869996
