   0.0115332           0           0
   0.0345996           0           0
   0.0576661           0           0
   0.0807325           0           0
    0.103799           0           0
    0.126865           0           0
    0.149932           0           0
    0.172998           0           0
    0.196065           0           0
    0.219131           0           0
    0.242198           0           0
    0.265264           0           0
     0.28833           0           0
    0.311397           0           0
    0.334463           0           0
     0.35753           0           0
    0.380596           0           0
    0.403663           0           0
    0.426729           0           0
    0.449795           0           0
    0.472862           0           0
    0.495928           0           0
    0.518995           0           0
    0.542061           0           0
    0.565128           0           0
    0.588194           0           0
     0.61126           0           0
    0.634327           0           0
    0.657393           0           0
     0.68046           0           0
    0.703526           0           0
    0.726593           0           0
    0.749659           0           0
    0.772725           0           0
    0.795792           0           0
    0.818858           0           0
    0.841925           0           0
    0.864991           0           0
    0.888058 7.36405e-05 7.17759e-05
    0.911124  0.00281586 0.000363077
     0.93419   0.0449527  0.00131524
    0.957257    0.295901  0.00414339
    0.980323     1.01386  0.00502371
     1.00339     2.25398   0.0131499
     1.02646      3.6281    0.010258
     1.04952     4.63667   0.0139561
     1.07259     4.87375   0.0119008
     1.09566     4.47142   0.0184069
     1.11872     3.64664     0.01511
     1.14179     2.68739  0.00926386
     1.16485     1.81481  0.00908296
     1.18792     1.13985  0.00791058
     1.21099    0.662008  0.00679328
     1.23405    0.353898  0.00466337
     1.25712     0.18601  0.00328695
     1.28019   0.0894623  0.00256913
     1.30325   0.0478977  0.00191329
     1.32632   0.0409638  0.00188163
     1.34939   0.0580194  0.00233611
     1.37245    0.105858  0.00259417
     1.39552    0.187844  0.00357075
     1.41859    0.306065  0.00475905
     1.44165    0.451908  0.00421501
     1.46472    0.625478  0.00380012
     1.48778    0.793929  0.00351732
     1.51085     0.91993   0.0075707
     1.53392    0.969609  0.00849748
     1.55698    0.938385  0.00948763
     1.58005    0.803612  0.00468759
     1.60312    0.639303  0.00357654
     1.62618    0.467088    0.003019
     1.64925    0.318906  0.00369036
     1.67232    0.221654  0.00459231
     1.69538    0.192867  0.00457291
     1.71845    0.255325  0.00457742
     1.74152      0.4305  0.00519666
     1.76458     0.74808  0.00610358
     1.78765     1.19339  0.00478499
     1.81071     1.73043  0.00547055
     1.83378     2.23783  0.00851746
     1.85685     2.59909  0.00917641
     1.87991     2.71235   0.0117657
     1.90298     2.55402   0.0116377
     1.92605      2.1768  0.00769641
     1.94911      1.6986  0.00596884
     1.97218      1.2014  0.00496509
     1.99525    0.799229  0.00656142
     2.01831    0.541049  0.00579881
     2.04138    0.438133  0.00533409
     2.06445     0.46561  0.00447295
     2.08751    0.590039  0.00421297
     2.11058    0.759453  0.00316732
     2.13364    0.910707  0.00398667
     2.15671     1.00306  0.00528872
     2.17978     1.00868  0.00431351
     2.20284    0.920733  0.00426454
     2.22591    0.791975  0.00436535
     2.24898    0.660832  0.00419164
     2.27204      0.5733  0.00608872
     2.29511     0.57047  0.00670392
