   0.0128248           0           0
   0.0384745           0           0
   0.0641241           0           0
   0.0897737           0           0
    0.115423           0           0
    0.141073           0           0
    0.166723           0           0
    0.192372           0           0
    0.218022           0           0
    0.243672           0           0
    0.269321           0           0
    0.294971           0           0
     0.32062           0           0
     0.34627           0           0
     0.37192           0           0
    0.397569           0           0
    0.423219           0           0
    0.448869           0           0
    0.474518           0           0
    0.500168           0           0
    0.525818           0           0
    0.551467           0           0
    0.577117           0           0
    0.602767           0           0
    0.628416           0           0
    0.654066           0           0
    0.679715           0           0
    0.705365           0           0
    0.731015           0           0
    0.756664           0           0
    0.782314           0           0
    0.807964           0           0
    0.833613           0           0
    0.859263 1.36166e-05 8.16069e-06
    0.884913  0.00131047 4.95115e-05
    0.910562   0.0245458 0.000284862
    0.936212     0.16559 0.000948441
    0.961861    0.564872  0.00211933
    0.987511     1.20447  0.00184141
     1.01316     1.86285  0.00314627
     1.03881     2.34195  0.00292427
     1.06446     2.55805  0.00240818
     1.09011     2.54891  0.00191299
     1.11576     2.40702   0.0021456
     1.14141     2.19745  0.00172469
     1.16706     1.97124  0.00336247
     1.19271     1.75331  0.00179167
     1.21836     1.55682  0.00221955
     1.24401     1.38523  0.00223556
     1.26966     1.24186    0.001572
     1.29531     1.12153  0.00122594
     1.32096     1.02072  0.00164955
     1.34661    0.938759  0.00168359
     1.37226    0.872256  0.00093477
     1.39791    0.817602  0.00116546
     1.42355     0.77214   0.0014194
      1.4492    0.738775  0.00167788
     1.47485    0.711769  0.00134059
      1.5005    0.692185  0.00106385
     1.52615     0.67932  0.00124503
      1.5518    0.672554  0.00104162
     1.57745    0.671126  0.00109651
      1.6031    0.677139  0.00109359
     1.62875    0.686516  0.00096701
      1.6544    0.703661  0.00122508
     1.68005    0.723556 0.000888399
      1.7057    0.749506 0.000608757
     1.73135    0.781531 0.000977172
       1.757    0.816249  0.00141984
     1.78265    0.853811  0.00073614
      1.8083    0.894346  0.00110269
     1.83395    0.936068  0.00101175
      1.8596    0.977293  0.00120067
     1.88525     1.01864  0.00115886
      1.9109     1.05848 0.000979422
     1.93655     1.09684 0.000896423
      1.9622     1.13158 0.000845843
     1.98785     1.16083  0.00108057
      2.0135      1.1859  0.00103601
     2.03915     1.20438 0.000953313
      2.0648     1.21429  0.00112317
     2.09045     1.21503 0.000903413
      2.1161     1.20779  0.00109952
     2.14174     1.19375   0.0010032
     2.16739     1.17409 0.000676722
     2.19304     1.15066 0.000876867
     2.21869     1.12232 0.000669877
     2.24434     1.09399 0.000414746
     2.26999     1.06568 0.000788328
     2.29564     1.03705 0.000435411
     2.32129       1.012 0.000611486
     2.34694    0.988538 0.000843063
     2.37259    0.965943 0.000803055
     2.39824     0.94641 0.000930815
     2.42389    0.932345 0.000669954
     2.44954    0.919006  0.00076247
     2.47519    0.908392 0.000560766
     2.50084    0.894301 0.000940587
     2.52649     0.88643 0.000698212
     2.55214    0.886165 0.000597314
