           1   0.0128248           0           0           0
           1   0.0384745           0           0           0
           1   0.0641241           0           0           0
           1   0.0897737           0           0           0
           1    0.115423           0           0           0
           1    0.141073           0           0           0
           1    0.166723           0           0           0
           1    0.192372           0           0           0
           1    0.218022           0           0           0
           1    0.243672           0           0           0
           1    0.269321           0           0           0
           1    0.294971           0           0           0
           1     0.32062           0           0           0
           1     0.34627           0           0           0
           1     0.37192           0           0           0
           1    0.397569           0           0           0
           1    0.423219           0           0           0
           1    0.448869           0           0           0
           1    0.474518           0           0           0
           1    0.500168           0           0           0
           1    0.525818           0           0           0
           1    0.551467           0           0           0
           1    0.577117           0           0           0
           1    0.602767           0           0           0
           1    0.628416           0           0           0
           1    0.654066           0           0           0
           1    0.679715           0           0           0
           1    0.705365           0           0           0
           1    0.731015           0           0           0
           1    0.756664           0           0           0
           1    0.782314           0           0           0
           1    0.807964           0           0           0
           1    0.833613           0           0           0
           1    0.859263           0           0           0
           1    0.884913  0.00143977  0.00143977           0
           1    0.910562   0.0243812   0.0243812           0
           1    0.936212    0.164436    0.164436           0
           1    0.961861    0.554153    0.554153           0
           1    0.987511     1.19337     1.19337           0
           1     1.01316     1.86292     1.86292           0
           1     1.03881     2.33586     2.33586           0
           1     1.06446     2.55722     2.55722           0
           1     1.09011     2.55813     2.55813           0
           1     1.11576     2.41285     2.41285           0
           1     1.14141      2.2045      2.2045           0
           1     1.16706     1.98237     1.98237           0
           1     1.19271     1.76139     1.76139           0
           1     1.21836     1.55561     1.55561           0
           1     1.24401     1.39665     1.39665           0
           1     1.26966      1.2482      1.2482           0
           1     1.29531     1.12432     1.12432           0
           1     1.32096     1.02448     1.02448           0
           1     1.34661    0.933742    0.933742           0
           1     1.37226     0.87093     0.87093           0
           1     1.39791    0.817757    0.817757           0
           1     1.42355    0.765042    0.765042           0
           1      1.4492    0.736433    0.736433           0
           1     1.47485    0.703934    0.703934           0
           1      1.5005    0.689027    0.689027           0
           1     1.52615    0.677137    0.677137           0
           1      1.5518    0.669783    0.669783           0
           1     1.57745     0.67054     0.67054           0
           1      1.6031    0.672237    0.672237           0
           1     1.62875    0.683887    0.683887           0
           1      1.6544    0.701306    0.701306           0
           1     1.68005    0.721024    0.721024           0
           1      1.7057    0.749683    0.749683           0
           1     1.73135    0.778243    0.778243           0
           1       1.757    0.812831    0.812831           0
           1     1.78265    0.851957    0.851957           0
           1      1.8083     0.89608     0.89608           0
           1     1.83395    0.934466    0.934466           0
           1      1.8596    0.976737    0.976737           0
           1     1.88525     1.01918     1.01918           0
           1      1.9109     1.06202     1.06202           0
           1     1.93655     1.09877     1.09877           0
           1      1.9622     1.13218     1.13218           0
           1     1.98785     1.16228     1.16228           0
           1      2.0135     1.18974     1.18974           0
           1     2.03915     1.20818     1.20818           0
           1      2.0648     1.21785     1.21785           0
           1     2.09045     1.21532     1.21532           0
           1      2.1161     1.21012     1.21012           0
           1     2.14174     1.19569     1.19569           0
           1     2.16739     1.17912     1.17912           0
           1     2.19304     1.15521     1.15521           0
           1     2.21869     1.12665     1.12665           0
           1     2.24434     1.09522     1.09522           0
           1     2.26999      1.0683      1.0683           0
           1     2.29564     1.03919     1.03919           0
           1     2.32129     1.01397     1.01397           0
           1     2.34694    0.986549    0.986549           0
           1     2.37259    0.961228    0.961228           0
           1     2.39824    0.939394    0.939394           0
           1     2.42389     0.92792     0.92792           0
           1     2.44954    0.914737    0.914737           0
           1     2.47519    0.905657    0.905657           0
           1     2.50084     0.88955     0.88955           0
           1     2.52649    0.883585    0.883585           0
           1     2.55214     0.88467     0.88467           0
           2   0.0128248           0           0           0
           2   0.0384745           0           0           0
           2   0.0641241           0           0           0
           2   0.0897737           0           0           0
           2    0.115423           0           0           0
           2    0.141073           0           0           0
           2    0.166723           0           0           0
           2    0.192372           0           0           0
           2    0.218022           0           0           0
           2    0.243672           0           0           0
           2    0.269321           0           0           0
           2    0.294971           0           0           0
           2     0.32062           0           0           0
           2     0.34627           0           0           0
           2     0.37192           0           0           0
           2    0.397569           0           0           0
           2    0.423219           0           0           0
           2    0.448869           0           0           0
           2    0.474518           0           0           0
           2    0.500168           0           0           0
           2    0.525818           0           0           0
           2    0.551467           0           0           0
           2    0.577117           0           0           0
           2    0.602767           0           0           0
           2    0.628416           0           0           0
           2    0.654066           0           0           0
           2    0.679715           0           0           0
           2    0.705365           0           0           0
           2    0.731015           0           0           0
           2    0.756664           0           0           0
           2    0.782314           0           0           0
           2    0.807964           0           0           0
           2    0.833613           0           0           0
           2    0.859263 7.78092e-05 3.89046e-05 2.75097e-05
           2    0.884913  0.00128387  0.00136182 5.51186e-05
           2    0.910562   0.0250308    0.024706 0.000229664
           2    0.936212    0.167263    0.165849 0.000999364
           2    0.961861    0.573217    0.563685  0.00673997
           2    0.987511     1.20582     1.19959  0.00440266
           2     1.01316     1.86913     1.86603  0.00219394
           2     1.03881      2.3406     2.33823  0.00167755
           2     1.06446      2.5572     2.55721 6.72236e-06
           2     1.09011     2.54339     2.55076  0.00521113
           2     1.11576     2.40351     2.40818  0.00330192
           2     1.14141     2.19092     2.19771  0.00480198
           2     1.16706     1.97498     1.97868  0.00261165
           2     1.19271     1.75472     1.75805  0.00235775
           2     1.21836     1.56084     1.55822  0.00185072
           2     1.24401     1.38051     1.38858  0.00570622
           2     1.26966      1.2421     1.24515  0.00215623
           2     1.29531     1.11502     1.11967  0.00328988
           2     1.32096     1.02091     1.02269  0.00126447
           2     1.34661    0.937389    0.935565  0.00128957
           2     1.37226    0.871861    0.871395 0.000328993
           2     1.39791    0.823185    0.820471  0.00191908
           2     1.42355    0.776432    0.770737  0.00402685
           2      1.4492    0.741159    0.738796  0.00167077
           2     1.47485    0.717529    0.710731  0.00480681
           2      1.5005    0.693445    0.691236  0.00156187
           2     1.52615    0.680732    0.678935  0.00127108
           2      1.5518    0.672512    0.671148 0.000964757
           2     1.57745    0.672898    0.671719 0.000833643
           2      1.6031    0.675774    0.674005  0.00125078
           2     1.62875    0.684856    0.684371 0.000342645
           2      1.6544    0.702618    0.701962 0.000463831
           2     1.68005    0.723762    0.722393 0.000967919
           2      1.7057    0.747676    0.748679 0.000709507
           2     1.73135     0.78361    0.780926  0.00189736
           2       1.757    0.811845    0.812338 0.000348734
           2     1.78265    0.853204    0.852581 0.000441042
           2      1.8083    0.890603    0.893341  0.00193655
           2     1.83395    0.931201    0.932833  0.00115427
           2      1.8596    0.972787    0.974762  0.00139651
           2     1.88525     1.01312     1.01615   0.0021446
           2      1.9109     1.05515     1.05858  0.00242744
           2     1.93655     1.09166     1.09522  0.00251387
           2      1.9622     1.12833     1.13026  0.00136244
           2     1.98785     1.15891      1.1606  0.00119193
           2      2.0135     1.19239     1.19107 0.000936923
           2     2.03915     1.20727     1.20773  0.00032058
           2      2.0648     1.22046     1.21915 0.000923702
           2     2.09045     1.22078     1.21805  0.00193076
           2      2.1161     1.21517     1.21264  0.00178387
           2     2.14174     1.20059     1.19814   0.0017331
           2     2.16739     1.17483     1.17697  0.00151557
           2     2.19304     1.15313     1.15417 0.000732246
           2     2.21869     1.12248     1.12456  0.00147415
           2     2.24434     1.09517      1.0952 2.01631e-05
           2     2.26999     1.06631      1.0673 0.000702661
           2     2.29564     1.03521      1.0372  0.00140734
           2     2.32129     1.01081     1.01239  0.00111724
           2     2.34694    0.985511     0.98603 0.000366931
           2     2.37259    0.964011    0.962619 0.000983752
           2     2.39824    0.944874    0.942134  0.00193756
           2     2.42389    0.930965    0.929442  0.00107652
           2     2.44954    0.918698    0.916718  0.00140024
           2     2.47519    0.908604    0.907131   0.0010419
           2     2.50084    0.893151     0.89135  0.00127315
           2     2.52649    0.885368    0.884477 0.000630081
           2     2.55214    0.885183    0.884927 0.000181268
           3   0.0128248           0           0           0
           3   0.0384745           0           0           0
           3   0.0641241           0           0           0
           3   0.0897737           0           0           0
           3    0.115423           0           0           0
           3    0.141073           0           0           0
           3    0.166723           0           0           0
           3    0.192372           0           0           0
           3    0.218022           0           0           0
           3    0.243672           0           0           0
           3    0.269321           0           0           0
           3    0.294971           0           0           0
           3     0.32062           0           0           0
           3     0.34627           0           0           0
           3     0.37192           0           0           0
           3    0.397569           0           0           0
           3    0.423219           0           0           0
           3    0.448869           0           0           0
           3    0.474518           0           0           0
           3    0.500168           0           0           0
           3    0.525818           0           0           0
           3    0.551467           0           0           0
           3    0.577117           0           0           0
           3    0.602767           0           0           0
           3    0.628416           0           0           0
           3    0.654066           0           0           0
           3    0.679715           0           0           0
           3    0.705365           0           0           0
           3    0.731015           0           0           0
           3    0.756664           0           0           0
           3    0.782314           0           0           0
           3    0.807964           0           0           0
           3    0.833613           0           0           0
           3    0.859263           0 2.59364e-05  2.1177e-05
           3    0.884913  0.00109129  0.00127165  8.2289e-05
           3    0.910562   0.0239568   0.0244563 0.000254989
           3    0.936212    0.160364    0.164021  0.00163483
           3    0.961861    0.562172    0.563181  0.00451215
           3    0.987511     1.20414     1.20111  0.00318537
           3     1.01316      1.8596     1.86388  0.00227987
           3     1.03881     2.34594      2.3408   0.0023777
           3     1.06446     2.56685     2.56042  0.00262453
           3     1.09011     2.54271     2.54808  0.00410673
           3     1.11576     2.40831     2.40822  0.00220156
           3     1.14141     2.19831     2.19791  0.00320542
           3     1.16706     1.96958     1.97565   0.0030258
           3     1.19271     1.74961     1.75524   0.0027841
           3     1.21836     1.55834     1.55826  0.00123425
           3     1.24401     1.37997     1.38571  0.00446837
           3     1.26966     1.23818     1.24283  0.00238102
           3     1.29531     1.12209     1.12048  0.00229022
           3     1.32096     1.02389     1.02309 0.000903202
           3     1.34661    0.943282    0.938138  0.00226937
           3     1.37226    0.872822    0.871871 0.000445868
           3     1.39791    0.815905    0.818949  0.00178361
           3     1.42355    0.772147    0.771207  0.00271187
           3      1.4492    0.742397    0.739997  0.00148358
           3     1.47485    0.716985    0.712816  0.00362843
           3      1.5005    0.693885    0.692119  0.00126648
           3     1.52615    0.681006    0.679625  0.00101788
           3      1.5518    0.675542    0.672612  0.00135796
           3     1.57745    0.676506    0.673315  0.00141632
           3      1.6031    0.679745    0.675919  0.00177078
           3     1.62875    0.688226    0.685656  0.00107376
           3      1.6544    0.702681    0.702201 0.000365928
           3     1.68005     0.72279    0.722526 0.000654259
           3      1.7057    0.745977    0.747779 0.000874293
           3     1.73135    0.780907     0.78092  0.00126492
           3       1.757    0.814429    0.813035 0.000614852
           3     1.78265    0.851207    0.852123 0.000475706
           3      1.8083     0.89261    0.893098  0.00130629
           3     1.83395    0.936479    0.934049   0.0012557
           3      1.8596    0.981472    0.976999  0.00204983
           3     1.88525     1.01911     1.01714  0.00164057
           3      1.9109     1.05852     1.05856  0.00161838
           3     1.93655     1.09849     1.09631  0.00189803
           3      1.9622     1.12975     1.13009 0.000918656
           3     1.98785     1.16265     1.16128  0.00097194
           3      2.0135     1.18306      1.1884  0.00226784
           3     2.03915     1.20239     1.20595  0.00146697
           3      2.0648     1.20918     1.21583  0.00278461
           3     2.09045     1.21495     1.21701  0.00153859
           3      2.1161     1.20615     1.21048  0.00213133
           3     2.14174     1.19153     1.19593  0.00213791
           3     2.16739     1.17412     1.17602  0.00127449
           3     2.19304     1.14636     1.15157  0.00218222
           3     2.21869     1.12089     1.12334  0.00140194
           3     2.24434      1.0942     1.09486 0.000271184
           3     2.26999     1.06503     1.06655 0.000775403
           3     2.29564     1.03559     1.03666  0.00103567
           3     2.32129     1.01278     1.01252 0.000752399
           3     2.34694     0.98999     0.98735   0.0011051
           3     2.37259     0.96897    0.964736  0.00184855
           3     2.39824    0.947892    0.944053  0.00203088
           3     2.42389    0.935873    0.931586  0.00189151
           3     2.44954    0.921733    0.918389  0.00165372
           3     2.47519    0.908962    0.907741 0.000854868
           3     2.50084    0.900039    0.894247  0.00251257
           3     2.52649     0.88756    0.885504 0.000938566
           3     2.55214    0.889879    0.886578  0.00135324
           4   0.0128248           0           0           0
           4   0.0384745           0           0           0
           4   0.0641241           0           0           0
           4   0.0897737           0           0           0
           4    0.115423           0           0           0
           4    0.141073           0           0           0
           4    0.166723           0           0           0
           4    0.192372           0           0           0
           4    0.218022           0           0           0
           4    0.243672           0           0           0
           4    0.269321           0           0           0
           4    0.294971           0           0           0
           4     0.32062           0           0           0
           4     0.34627           0           0           0
           4     0.37192           0           0           0
           4    0.397569           0           0           0
           4    0.423219           0           0           0
           4    0.448869           0           0           0
           4    0.474518           0           0           0
           4    0.500168           0           0           0
           4    0.525818           0           0           0
           4    0.551467           0           0           0
           4    0.577117           0           0           0
           4    0.602767           0           0           0
           4    0.628416           0           0           0
           4    0.654066           0           0           0
           4    0.679715           0           0           0
           4    0.705365           0           0           0
           4    0.731015           0           0           0
           4    0.756664           0           0           0
           4    0.782314           0           0           0
           4    0.807964           0           0           0
           4    0.833613           0           0           0
           4    0.859263           0 1.94523e-05 1.68462e-05
           4    0.884913  0.00129304    0.001277 6.18904e-05
           4    0.910562   0.0233852   0.0241885 0.000300584
           4    0.936212    0.162035    0.163525  0.00129929
           4    0.961861    0.557289    0.561708  0.00361652
           4    0.987511     1.20309      1.2016  0.00242712
           4     1.01316     1.84885     1.86013  0.00367725
           4     1.03881     2.35056     2.34324  0.00276468
           4     1.06446     2.56587     2.56178  0.00229527
           4     1.09011     2.54262     2.54671  0.00329872
           4     1.11576       2.402     2.40667  0.00213128
           4     1.14141     2.19287     2.19665  0.00263995
           4     1.16706     1.96771     1.97366  0.00284609
           4     1.19271     1.75743     1.75579  0.00214152
           4     1.21836     1.55362      1.5571  0.00136624
           4     1.24401     1.38743     1.38614  0.00337179
           4     1.26966     1.24187     1.24259  0.00179761
           4     1.29531     1.12184     1.12082  0.00174297
           4     1.32096     1.01924     1.02213  0.00107377
           4     1.34661    0.935183    0.937399  0.00181825
           4     1.37226    0.874279    0.872473 0.000619321
           4     1.39791    0.818103    0.818738  0.00135021
           4     1.42355    0.775574    0.772299  0.00224293
           4      1.4492    0.744261    0.741063   0.0014458
           4     1.47485    0.712138    0.712646  0.00272528
           4      1.5005    0.696258    0.693154  0.00130587
           4     1.52615    0.685249    0.681031  0.00143715
           4      1.5518    0.677841     0.67392  0.00152279
           4     1.57745      0.6731    0.673261  0.00106325
           4      1.6031    0.679136    0.676723  0.00149968
           4     1.62875    0.688936    0.686476  0.00107359
           4      1.6544    0.709424    0.704007  0.00158762
           4     1.68005    0.724329    0.722977 0.000627151
           4      1.7057    0.751823     0.74879  0.00109388
           4     1.73135    0.782119     0.78122 0.000983592
           4       1.757    0.812396    0.812875 0.000481443
           4     1.78265    0.854013    0.852595 0.000543019
           4      1.8083    0.892694    0.892997 0.000983614
           4     1.83395    0.933516    0.933915  0.00094882
           4      1.8596    0.971296    0.975573  0.00197178
           4     1.88525     1.01167     1.01577  0.00170764
           4      1.9109     1.05322     1.05723  0.00167653
           4     1.93655     1.09214     1.09527  0.00168607
           4      1.9622     1.12767     1.12948 0.000865884
           4     1.98785     1.15335      1.1593   0.0018668
           4      2.0135     1.18097     1.18654   0.0023409
           4     2.03915      1.2026     1.20511  0.00131731
           4      2.0648      1.2149     1.21559  0.00209817
           4     2.09045     1.21651     1.21689  0.00115905
           4      2.1161     1.20994     1.21034  0.00160278
           4     2.14174     1.19479     1.19565  0.00162238
           4     2.16739      1.1753     1.17584 0.000968586
           4     2.19304     1.14994     1.15116  0.00167397
           4     2.21869     1.12401     1.12351  0.00106142
           4     2.24434     1.09341      1.0945   0.0003757
           4     2.26999     1.06789     1.06688 0.000650514
           4     2.29564      1.0369     1.03672 0.000778443
           4     2.32129     1.01455     1.01303  0.00071465
           4     2.34694    0.989099    0.987787 0.000911259
           4     2.37259    0.966951     0.96529  0.00146702
           4     2.39824    0.950537    0.945674  0.00207131
           4     2.42389    0.934276    0.932258  0.00153356
           4     2.44954    0.919433     0.91865  0.00126069
           4     2.47519    0.912035    0.908815  0.00112936
           4     2.50084    0.897345    0.895021   0.0020003
           4     2.52649    0.888334    0.886212 0.000933231
           4     2.55214    0.884848    0.886145  0.00108181
           5   0.0128248           0           0           0
           5   0.0384745           0           0           0
           5   0.0641241           0           0           0
           5   0.0897737           0           0           0
           5    0.115423           0           0           0
           5    0.141073           0           0           0
           5    0.166723           0           0           0
           5    0.192372           0           0           0
           5    0.218022           0           0           0
           5    0.243672           0           0           0
           5    0.269321           0           0           0
           5    0.294971           0           0           0
           5     0.32062           0           0           0
           5     0.34627           0           0           0
           5     0.37192           0           0           0
           5    0.397569           0           0           0
           5    0.423219           0           0           0
           5    0.448869           0           0           0
           5    0.474518           0           0           0
           5    0.500168           0           0           0
           5    0.525818           0           0           0
           5    0.551467           0           0           0
           5    0.577117           0           0           0
           5    0.602767           0           0           0
           5    0.628416           0           0           0
           5    0.654066           0           0           0
           5    0.679715           0           0           0
           5    0.705365           0           0           0
           5    0.731015           0           0           0
           5    0.756664           0           0           0
           5    0.782314           0           0           0
           5    0.807964           0           0           0
           5    0.833613           0           0           0
           5    0.859263 9.72615e-06 1.75071e-05 1.35888e-05
           5    0.884913  0.00165986  0.00135357 8.45122e-05
           5    0.910562   0.0263127   0.0246133 0.000449677
           5    0.936212    0.162281    0.163276  0.00106296
           5    0.961861    0.571556    0.563677  0.00338736
           5    0.987511     1.20377     1.20204  0.00198008
           5     1.01316     1.87242     1.86259  0.00367349
           5     1.03881     2.33329     2.34125  0.00283905
           5     1.06446     2.56497     2.56242  0.00192248
           5     1.09011      2.5436     2.54609  0.00269706
           5     1.11576     2.39656     2.40464  0.00248527
           5     1.14141      2.1924      2.1958  0.00224479
           5     1.16706     1.96249     1.97143  0.00302931
           5     1.19271     1.74915     1.75446  0.00208441
           5     1.21836      1.5505     1.55578  0.00160971
           5     1.24401     1.38609     1.38613  0.00269745
           5     1.26966     1.24113      1.2423  0.00146155
           5     1.29531     1.11627     1.11991  0.00161473
           5     1.32096     1.01927     1.02156  0.00099958
           5     1.34661     0.94731    0.939381  0.00229325
           5     1.37226    0.876246    0.873228 0.000837355
           5     1.39791    0.825412    0.820073   0.0016101
           5     1.42355    0.780922    0.774023  0.00236622
           5      1.4492    0.746695    0.742189  0.00153398
           5     1.47485    0.717493    0.713616  0.00234628
           5      1.5005    0.691556    0.692834  0.00108306
           5     1.52615    0.680365    0.680898  0.00115588
           5      1.5518    0.674066    0.673949  0.00121851
           5     1.57745    0.669195    0.672448  0.00111914
           5      1.6031    0.675777    0.676534  0.00121161
           5     1.62875    0.683305    0.685842  0.00102932
           5      1.6544    0.697937    0.702793  0.00167101
           5     1.68005    0.723403    0.723062 0.000507497
           5      1.7057    0.750788    0.749189 0.000945328
           5     1.73135    0.778682    0.780712 0.000908488
           5       1.757    0.812692    0.812839 0.000386555
           5     1.78265    0.852689    0.852614 0.000434739
           5      1.8083    0.893598    0.893117  0.00079422
           5     1.83395    0.936413    0.934415 0.000880792
           5      1.8596    0.977109     0.97588  0.00160117
           5     1.88525     1.01984     1.01658  0.00154797
           5      1.9109     1.05807      1.0574  0.00134973
           5     1.93655     1.09533     1.09528   0.0013489
           5      1.9622     1.13271     1.13013 0.000902118
           5     1.98785     1.16127     1.15969  0.00153433
           5      2.0135     1.18899     1.18703  0.00192344
           5     2.03915     1.20444     1.20498  0.00106068
           5      2.0648     1.21044     1.21456  0.00191523
           5     2.09045     1.21318     1.21615  0.00113967
           5      2.1161     1.20515      1.2093  0.00158304
           5     2.14174     1.19354     1.19523  0.00135146
           5     2.16739     1.17119     1.17491  0.00113618
           5     2.19304     1.14949     1.15083  0.00137214
           5     2.21869     1.12245      1.1233 0.000869705
           5     2.24434     1.09524     1.09465 0.000328468
           5     2.26999     1.06595      1.0667 0.000546372
           5     2.29564     1.03774     1.03693 0.000648576
           5     2.32129     1.01183     1.01279 0.000610682
           5     2.34694    0.989711    0.988172 0.000806128
           5     2.37259    0.968827    0.965997  0.00133329
           5     2.39824    0.948513    0.946242   0.0017331
           5     2.42389    0.934417     0.93269  0.00128617
           5     2.44954    0.922944    0.919509  0.00126777
           5     2.47519    0.908029    0.908657 0.000914361
           5     2.50084    0.895118    0.895041  0.00160033
           5     2.52649    0.887345    0.886439 0.000773631
           5     2.55214    0.886224    0.886161 0.000865563
           6   0.0128248           0           0           0
           6   0.0384745           0           0           0
           6   0.0641241           0           0           0
           6   0.0897737           0           0           0
           6    0.115423           0           0           0
           6    0.141073           0           0           0
           6    0.166723           0           0           0
           6    0.192372           0           0           0
           6    0.218022           0           0           0
           6    0.243672           0           0           0
           6    0.269321           0           0           0
           6    0.294971           0           0           0
           6     0.32062           0           0           0
           6     0.34627           0           0           0
           6     0.37192           0           0           0
           6    0.397569           0           0           0
           6    0.423219           0           0           0
           6    0.448869           0           0           0
           6    0.474518           0           0           0
           6    0.500168           0           0           0
           6    0.525818           0           0           0
           6    0.551467           0           0           0
           6    0.577117           0           0           0
           6    0.602767           0           0           0
           6    0.628416           0           0           0
           6    0.654066           0           0           0
           6    0.679715           0           0           0
           6    0.705365           0           0           0
           6    0.731015           0           0           0
           6    0.756664           0           0           0
           6    0.782314           0           0           0
           6    0.807964           0           0           0
           6    0.833613           0           0           0
           6    0.859263           0 1.45892e-05  1.1633e-05
           6    0.884913  0.00109129  0.00130986 8.09462e-05
           6    0.910562   0.0229348   0.0243336 0.000453479
           6    0.936212    0.166263    0.163774 0.000995592
           6    0.961861    0.556839    0.562538  0.00300843
           6    0.987511     1.19843     1.20144  0.00173878
           6     1.01316     1.84785     1.86013  0.00379396
           6     1.03881     2.33332     2.33993  0.00265602
           6     1.06446     2.54412     2.55937  0.00321295
           6     1.09011      2.5455     2.54599  0.00224932
           6     1.11576     2.41276       2.406  0.00241134
           6     1.14141     2.20226     2.19688  0.00211348
           6     1.16706     1.98966     1.97447  0.00375023
           6     1.19271     1.76239     1.75578  0.00211507
           6     1.21836     1.57265     1.55859  0.00289581
           6     1.24401     1.39762     1.38805  0.00284735
           6     1.26966     1.24483     1.24272  0.00127739
           6     1.29531     1.12974     1.12155  0.00201211
           6     1.32096     1.02869     1.02275   0.0013678
           6     1.34661    0.946395     0.94055  0.00218879
           6     1.37226    0.873626    0.873294  0.00070043
           6     1.39791    0.815365    0.819288  0.00152095
           6     1.42355    0.770861    0.773496  0.00202971
           6      1.4492    0.730022    0.740161  0.00224964
           6     1.47485    0.708708    0.712798  0.00209298
           6      1.5005    0.687534    0.691951  0.00121029
           6     1.52615    0.670736    0.679204   0.0018216
           6      1.5518      0.6663    0.672674  0.00154446
           6     1.57745    0.663669    0.670985   0.0016291
           6      1.6031    0.670985    0.675609  0.00131615
           6     1.62875    0.681191    0.685067  0.00111202
           6      1.6544    0.699131    0.702183  0.00149985
           6     1.68005    0.716867    0.722029  0.00103306
           6      1.7057    0.747278    0.748871 0.000839716
           6     1.73135    0.779065    0.780438 0.000797482
           6       1.757    0.820171    0.814061  0.00116113
           6     1.78265    0.853862    0.852822 0.000409019
           6      1.8083    0.895806    0.893565 0.000778059
           6     1.83395    0.941651    0.935621  0.00132315
           6      1.8596    0.978033    0.976239  0.00137392
           6     1.88525     1.02448      1.0179  0.00176325
           6      1.9109     1.06367     1.05844  0.00147521
           6     1.93655     1.09977     1.09603  0.00131574
           6      1.9622     1.13389     1.13075 0.000944463
           6     1.98785     1.16342     1.16031   0.0013986
           6      2.0135     1.18426     1.18657  0.00165758
           6     2.03915     1.20703     1.20532 0.000937476
           6      2.0648     1.21453     1.21456  0.00159603
           6     2.09045     1.21699     1.21629 0.000958409
           6      2.1161     1.20631      1.2088  0.00139587
           6     2.14174     1.19226     1.19473  0.00121357
           6     2.16739     1.17484      1.1749 0.000946876
           6     2.19304     1.15436     1.15141  0.00126365
           6     2.21869     1.12481     1.12355 0.000760603
           6     2.24434     1.09398     1.09454 0.000292049
           6     2.26999     1.06746     1.06682 0.000469747
           6     2.29564     1.03765     1.03705 0.000551521
           6     2.32129     1.01317     1.01285 0.000512191
           6     2.34694    0.990411    0.988545 0.000753203
           6     2.37259    0.968739    0.966454  0.00118678
           6     2.39824     0.94709    0.946383  0.00145001
           6     2.42389    0.931808    0.932543  0.00108017
           6     2.44954    0.915344    0.918815  0.00123194
           6     2.47519    0.906589    0.908313 0.000824387
           6     2.50084    0.891989    0.894532  0.00141213
           6     2.52649    0.881732    0.885654 0.000963499
           6     2.55214    0.882506    0.885552 0.000910763
           7   0.0128248           0           0           0
           7   0.0384745           0           0           0
           7   0.0641241           0           0           0
           7   0.0897737           0           0           0
           7    0.115423           0           0           0
           7    0.141073           0           0           0
           7    0.166723           0           0           0
           7    0.192372           0           0           0
           7    0.218022           0           0           0
           7    0.243672           0           0           0
           7    0.269321           0           0           0
           7    0.294971           0           0           0
           7     0.32062           0           0           0
           7     0.34627           0           0           0
           7     0.37192           0           0           0
           7    0.397569           0           0           0
           7    0.423219           0           0           0
           7    0.448869           0           0           0
           7    0.474518           0           0           0
           7    0.500168           0           0           0
           7    0.525818           0           0           0
           7    0.551467           0           0           0
           7    0.577117           0           0           0
           7    0.602767           0           0           0
           7    0.628416           0           0           0
           7    0.654066           0           0           0
           7    0.679715           0           0           0
           7    0.705365           0           0           0
           7    0.731015           0           0           0
           7    0.756664           0           0           0
           7    0.782314           0           0           0
           7    0.807964           0           0           0
           7    0.833613           0           0           0
           7    0.859263           0  1.2505e-05 1.01562e-05
           7    0.884913  0.00132973  0.00131269 6.94322e-05
           7    0.910562   0.0248663   0.0244097 0.000395029
           7    0.936212     0.16691    0.164222 0.000948857
           7    0.961861     0.56863    0.563408   0.0027016
           7    0.987511     1.20281     1.20163  0.00150138
           7     1.01316     1.86155     1.86033  0.00325741
           7     1.03881     2.32959     2.33845  0.00265564
           7     1.06446     2.54716     2.55763  0.00319223
           7     1.09011     2.55636     2.54747  0.00236568
           7     1.11576     2.40935     2.40648  0.00211381
           7     1.14141     2.19618     2.19678   0.0018139
           7     1.16706     1.98152     1.97547  0.00334716
           7     1.19271     1.75594      1.7558  0.00181305
           7     1.21836     1.56368     1.55932  0.00257152
           7     1.24401     1.38238     1.38724   0.0025529
           7     1.26966     1.25171       1.244    0.001617
           7     1.29531     1.12139     1.12152   0.0017248
           7     1.32096     1.02596     1.02321  0.00124725
           7     1.34661    0.934645    0.939707  0.00203219
           7     1.37226     0.87392    0.873383 0.000606052
           7     1.39791    0.812859     0.81837  0.00155649
           7     1.42355    0.768791    0.772824  0.00184769
           7      1.4492    0.735373    0.739477  0.00202957
           7     1.47485    0.708823     0.71223  0.00186941
           7      1.5005    0.686514    0.691174  0.00126227
           7     1.52615    0.675185     0.67863  0.00164938
           7      1.5518    0.668933     0.67214  0.00141325
           7     1.57745    0.669545    0.670779   0.0014093
           7      1.6031    0.675724    0.675625  0.00112823
           7     1.62875    0.686204    0.685229 0.000964956
           7      1.6544    0.704533    0.702518  0.00132264
           7     1.68005    0.725144    0.722474 0.000976589
           7      1.7057    0.752235    0.749351  0.00084617
           7     1.73135    0.781123    0.780536 0.000689537
           7       1.757    0.823702    0.815438   0.0016176
           7     1.78265    0.855595    0.853218 0.000507392
           7      1.8083    0.899715    0.894444  0.00105183
           7     1.83395    0.938422    0.936021  0.00119312
           7      1.8596     0.98299    0.977204  0.00147788
           7     1.88525     1.02188     1.01847  0.00160039
           7      1.9109     1.05751     1.05831  0.00127051
           7     1.93655     1.10018     1.09662  0.00125433
           7      1.9622     1.13241     1.13099 0.000838775
           7     1.98785     1.15911     1.16014  0.00120934
           7      2.0135     1.18521     1.18638  0.00143207
           7     2.03915     1.20353     1.20506  0.00083776
           7      2.0648     1.21027     1.21395   0.0014811
           7     2.09045     1.20924     1.21528  0.00124238
           7      2.1161     1.20231     1.20788  0.00147258
           7     2.14174      1.1877     1.19373  0.00139538
           7     2.16739     1.17144      1.1744  0.00093174
           7     2.19304     1.14914     1.15109  0.00112396
           7     2.21869     1.11997     1.12304 0.000805719
           7     2.24434     1.09523     1.09464  0.00026663
           7     2.26999     1.06874      1.0671 0.000475592
           7     2.29564     1.03922     1.03736 0.000553498
           7     2.32129     1.01058     1.01253 0.000532224
           7     2.34694    0.994382    0.989379  0.00100639
           7     2.37259    0.967037    0.966537  0.00102016
           7     2.39824    0.949258    0.946794  0.00129972
           7     2.42389    0.933007    0.932609 0.000927895
           7     2.44954    0.919641    0.918933  0.00106159
           7     2.47519    0.909005    0.908412 0.000712526
           7     2.50084    0.894371    0.894509  0.00121059
           7     2.52649    0.887205    0.885876 0.000850938
           7     2.55214    0.886947    0.885751 0.000802176
           8   0.0128248           0           0           0
           8   0.0384745           0           0           0
           8   0.0641241           0           0           0
           8   0.0897737           0           0           0
           8    0.115423           0           0           0
           8    0.141073           0           0           0
           8    0.166723           0           0           0
           8    0.192372           0           0           0
           8    0.218022           0           0           0
           8    0.243672           0           0           0
           8    0.269321           0           0           0
           8    0.294971           0           0           0
           8     0.32062           0           0           0
           8     0.34627           0           0           0
           8     0.37192           0           0           0
           8    0.397569           0           0           0
           8    0.423219           0           0           0
           8    0.448869           0           0           0
           8    0.474518           0           0           0
           8    0.500168           0           0           0
           8    0.525818           0           0           0
           8    0.551467           0           0           0
           8    0.577117           0           0           0
           8    0.602767           0           0           0
           8    0.628416           0           0           0
           8    0.654066           0           0           0
           8    0.679715           0           0           0
           8    0.705365           0           0           0
           8    0.731015           0           0           0
           8    0.756664           0           0           0
           8    0.782314           0           0           0
           8    0.807964           0           0           0
           8    0.833613           0           0           0
           8    0.859263           0 1.09419e-05 9.00613e-06
           8    0.884913   0.0013389  0.00131597 6.08304e-05
           8    0.910562   0.0247104   0.0244473 0.000347434
           8    0.936212    0.167836    0.164674  0.00093162
           8    0.961861    0.564353    0.563526  0.00236648
           8    0.987511     1.20762     1.20238  0.00148841
           8     1.01316     1.85608      1.8598   0.0028934
           8     1.03881     2.33853     2.33846   0.0023237
           8     1.06446     2.56296     2.55829  0.00286194
           8     1.09011     2.55757     2.54874   0.0023831
           8     1.11576     2.41502     2.40754  0.00210233
           8     1.14141     2.20208     2.19744  0.00170384
           8     1.16706     1.97036     1.97484  0.00298909
           8     1.19271      1.7444     1.75438  0.00207211
           8     1.21836     1.54942     1.55808  0.00253045
           8     1.24401     1.38565     1.38704  0.00224143
           8     1.26966     1.23951     1.24344  0.00150916
           8     1.29531     1.12179     1.12156  0.00150951
           8     1.32096     1.01752      1.0225  0.00127773
           8     1.34661    0.940253    0.939775  0.00177932
           8     1.37226    0.874248    0.873492 0.000539846
           8     1.39791    0.817155    0.818218  0.00136932
           8     1.42355    0.766669    0.772055   0.0017697
           8      1.4492    0.734266    0.738826  0.00187752
           8     1.47485    0.712224    0.712229  0.00163574
           8      1.5005    0.696035    0.691782  0.00124213
           8     1.52615    0.681454    0.678983  0.00148049
           8      1.5518    0.675539    0.672565  0.00129891
           8     1.57745     0.67336    0.671102  0.00126953
           8      1.6031     0.67958     0.67612  0.00109015
           8     1.62875    0.691507    0.686014  0.00111883
           8      1.6544    0.710358    0.703498  0.00147636
           8     1.68005    0.724897    0.722777 0.000900241
           8      1.7057    0.750376    0.749479 0.000750031
           8     1.73135    0.778955    0.780338 0.000631026
           8       1.757     0.81378    0.815231  0.00142861
           8     1.78265    0.850524    0.852882 0.000544372
           8      1.8083    0.888477    0.893698   0.0011549
           8     1.83395    0.931615     0.93547  0.00116417
           8      1.8596    0.974202    0.976828  0.00133994
           8     1.88525       1.017     1.01828  0.00141086
           8      1.9109     1.05595     1.05801  0.00114547
           8     1.93655     1.09686     1.09665   0.0010979
           8      1.9622     1.13427      1.1314 0.000827913
           8     1.98785     1.16601     1.16088  0.00126151
           8      2.0135     1.18561     1.18628  0.00125628
           8     2.03915     1.20735     1.20535  0.00078041
           8      2.0648     1.21752     1.21439  0.00136183
           8     2.09045     1.21272     1.21496  0.00112773
           8      2.1161     1.21036     1.20819  0.00132081
           8     2.14174     1.19474     1.19385  0.00122672
           8     2.16739     1.17372     1.17432 0.000819214
           8     2.19304     1.15071     1.15104 0.000984467
           8     2.21869     1.12146     1.12284 0.000728814
           8     2.24434     1.09376     1.09453  0.00025495
           8     2.26999     1.06384     1.06669 0.000564326
           8     2.29564     1.03735     1.03736 0.000484313
           8     2.32129     1.01396     1.01271 0.000494754
           8     2.34694    0.987558    0.989151 0.000905966
           8     2.37259    0.964242     0.96625 0.000932128
           8     2.39824    0.946029    0.946698  0.00114077
           8     2.42389    0.932411    0.932585  0.00081224
           8     2.44954    0.918144    0.918834 0.000933462
           8     2.47519     0.90888     0.90847 0.000625858
           8     2.50084    0.892225    0.894224   0.0010924
           8     2.52649    0.888639    0.886221 0.000811664
           8     2.55214     0.88734     0.88595 0.000726069
           9   0.0128248           0           0           0
           9   0.0384745           0           0           0
           9   0.0641241           0           0           0
           9   0.0897737           0           0           0
           9    0.115423           0           0           0
           9    0.141073           0           0           0
           9    0.166723           0           0           0
           9    0.192372           0           0           0
           9    0.218022           0           0           0
           9    0.243672           0           0           0
           9    0.269321           0           0           0
           9    0.294971           0           0           0
           9     0.32062           0           0           0
           9     0.34627           0           0           0
           9     0.37192           0           0           0
           9    0.397569           0           0           0
           9    0.423219           0           0           0
           9    0.448869           0           0           0
           9    0.474518           0           0           0
           9    0.500168           0           0           0
           9    0.525818           0           0           0
           9    0.551467           0           0           0
           9    0.577117           0           0           0
           9    0.602767           0           0           0
           9    0.628416           0           0           0
           9    0.654066           0           0           0
           9    0.679715           0           0           0
           9    0.705365           0           0           0
           9    0.731015           0           0           0
           9    0.756664           0           0           0
           9    0.782314           0           0           0
           9    0.807964           0           0           0
           9    0.833613           0           0           0
           9    0.859263 4.86307e-05 1.51296e-05 8.92609e-06
           9    0.884913  0.00134807  0.00131954 5.41759e-05
           9    0.910562   0.0249182   0.0244996 0.000312746
           9    0.936212    0.168631    0.165113 0.000926074
           9    0.961861    0.567232    0.563938  0.00213907
           9    0.987511     1.20941     1.20316  0.00151394
           9     1.01316      1.8686     1.86078  0.00273201
           9     1.03881     2.35249     2.34002  0.00253489
           9     1.06446     2.55191     2.55758  0.00263031
           9     1.09011      2.5504     2.54892  0.00212552
           9     1.11576     2.41402     2.40826  0.00198824
           9     1.14141     2.20495     2.19827  0.00170689
           9     1.16706     1.96144     1.97335  0.00300487
           9     1.19271     1.74917      1.7538  0.00192088
           9     1.21836     1.55491     1.55773  0.00227371
           9     1.24401     1.38283     1.38657  0.00204061
           9     1.26966     1.23628     1.24265  0.00153687
           9     1.29531      1.1229     1.12171  0.00134911
           9     1.32096     1.00906       1.021  0.00180847
           9     1.34661    0.930249    0.938716  0.00187012
           9     1.37226    0.865355    0.872587 0.000978187
           9     1.39791    0.814564    0.817812  0.00127594
           9     1.42355    0.771875    0.772035  0.00157318
           9      1.4492    0.733291    0.738211  0.00176676
           9     1.47485     0.70989    0.711969   0.0014745
           9      1.5005    0.691808    0.691785  0.00110412
           9     1.52615    0.682924    0.679421  0.00137923
           9      1.5518    0.673019    0.672615  0.00115556
           9     1.57745    0.674145     0.67144  0.00117264
           9      1.6031     0.68221    0.676796  0.00116018
           9     1.62875    0.687244    0.686151  0.00100283
           9      1.6544    0.706493    0.703831   0.0013493
           9     1.68005    0.727851    0.723341 0.000960644
           9      1.7057    0.748893    0.749414 0.000669523
           9     1.73135    0.788859    0.781285  0.00105423
           9       1.757    0.824163    0.816223  0.00157737
           9     1.78265    0.856958    0.853334 0.000645378
           9      1.8083    0.900055    0.894404  0.00122369
           9     1.83395    0.937632    0.935711  0.00105931
           9      1.8596    0.982363    0.977443  0.00132468
           9     1.88525      1.0191     1.01837  0.00125702
           9      1.9109     1.06162     1.05841  0.00108622
           9     1.93655     1.09665     1.09665  0.00097591
           9      1.9622     1.12866      1.1311 0.000789981
           9     1.98785     1.15794     1.16055  0.00116269
           9      2.0135     1.18384     1.18601  0.00114544
           9     2.03915     1.19784     1.20452  0.00104882
           9      2.0648     1.21199     1.21413  0.00123644
           9     2.09045     1.21541     1.21501  0.00100353
           9      2.1161     1.20499     1.20783  0.00122093
           9     2.14174     1.19471     1.19395  0.00109412
           9     2.16739     1.17378     1.17426  0.00073038
           9     2.19304     1.14701     1.15059  0.00097174
           9     2.21869     1.12009     1.12253 0.000708985
           9     2.24434     1.09097     1.09413 0.000435968
           9     2.26999     1.06227      1.0662 0.000682875
           9     2.29564     1.03609     1.03722 0.000450454
           9     2.32129     1.01019     1.01243 0.000512874
           9     2.34694    0.987409    0.988958 0.000825718
           9     2.37259    0.963116    0.965902 0.000891236
           9     2.39824    0.945124    0.946523  0.00102734
           9     2.42389    0.931819      0.9325 0.000726429
           9     2.44954    0.918924    0.918844 0.000829797
           9     2.47519    0.909831    0.908621 0.000574307
           9     2.50084    0.897045    0.894537    0.001015
           9     2.52649    0.885706    0.886164 0.000723494
           9     2.55214    0.886808    0.886045 0.000651632
          10   0.0128248           0           0           0
          10   0.0384745           0           0           0
          10   0.0641241           0           0           0
          10   0.0897737           0           0           0
          10    0.115423           0           0           0
          10    0.141073           0           0           0
          10    0.166723           0           0           0
          10    0.192372           0           0           0
          10    0.218022           0           0           0
          10    0.243672           0           0           0
          10    0.269321           0           0           0
          10    0.294971           0           0           0
          10     0.32062           0           0           0
          10     0.34627           0           0           0
          10     0.37192           0           0           0
          10    0.397569           0           0           0
          10    0.423219           0           0           0
          10    0.448869           0           0           0
          10    0.474518           0           0           0
          10    0.500168           0           0           0
          10    0.525818           0           0           0
          10    0.551467           0           0           0
          10    0.577117           0           0           0
          10    0.602767           0           0           0
          10    0.628416           0           0           0
          10    0.654066           0           0           0
          10    0.679715           0           0           0
          10    0.705365           0           0           0
          10    0.731015           0           0           0
          10    0.756664           0           0           0
          10    0.782314           0           0           0
          10    0.807964           0           0           0
          10    0.833613           0           0           0
          10    0.859263           0 1.36166e-05 8.16069e-06
          10    0.884913  0.00122885  0.00131047 4.95115e-05
          10    0.910562   0.0249615   0.0245458 0.000284862
          10    0.936212    0.169884     0.16559 0.000948441
          10    0.961861    0.573279    0.564872  0.00211933
          10    0.987511     1.21622     1.20447  0.00184141
          10     1.01316     1.88147     1.86285  0.00314627
          10     1.03881      2.3593     2.34195  0.00292427
          10     1.06446     2.56224     2.55805  0.00240818
          10     1.09011     2.54882     2.54891  0.00191299
          10     1.11576     2.39578     2.40702   0.0021456
          10     1.14141     2.19001     2.19745  0.00172469
          10     1.16706     1.95228     1.97124  0.00336247
          10     1.19271     1.74884     1.75331  0.00179167
          10     1.21836     1.54867     1.55682  0.00221955
          10     1.24401     1.37313     1.38523  0.00223556
          10     1.26966     1.23477     1.24186    0.001572
          10     1.29531     1.11992     1.12153  0.00122594
          10     1.32096     1.01818     1.02072  0.00164955
          10     1.34661    0.939144    0.938759  0.00168359
          10     1.37226    0.869275    0.872256  0.00093477
          10     1.39791    0.815714    0.817602  0.00116546
          10     1.42355     0.77309     0.77214   0.0014194
          10      1.4492    0.743857    0.738775  0.00167788
          10     1.47485    0.709965    0.711769  0.00134059
          10      1.5005    0.695789    0.692185  0.00106385
          10     1.52615    0.678407     0.67932  0.00124503
          10      1.5518    0.672005    0.672554  0.00104162
          10     1.57745    0.668304    0.671126  0.00109651
          10      1.6031    0.680223    0.677139  0.00109359
          10     1.62875     0.68981    0.686516  0.00096701
          10      1.6544    0.702127    0.703661  0.00122508
          10     1.68005    0.725495    0.723556 0.000888399
          10      1.7057    0.750327    0.749506 0.000608757
          10     1.73135    0.783749    0.781531 0.000977172
          10       1.757    0.816477    0.816249  0.00141984
          10     1.78265    0.858102    0.853811  0.00073614
          10      1.8083    0.893825    0.894346  0.00110269
          10     1.83395    0.939281    0.936068  0.00101175
          10      1.8596    0.975944    0.977293  0.00120067
          10     1.88525     1.02102     1.01864  0.00115886
          10      1.9109     1.05904     1.05848 0.000979422
          10     1.93655     1.09854     1.09684 0.000896423
          10      1.9622     1.13593     1.13158 0.000845843
          10     1.98785     1.16339     1.16083  0.00108057
          10      2.0135     1.18493      1.1859  0.00103601
          10     2.03915     1.20311     1.20438 0.000953313
          10      2.0648     1.21573     1.21429  0.00112317
          10     2.09045     1.21523     1.21503 0.000903413
          10      2.1161     1.20742     1.20779  0.00109952
          10     2.14174     1.19193     1.19375   0.0010032
          10     2.16739     1.17256     1.17409 0.000676722
          10     2.19304     1.15126     1.15066 0.000876867
          10     2.21869     1.12038     1.12232 0.000669877
          10     2.24434     1.09271     1.09399 0.000414746
          10     2.26999     1.06099     1.06568 0.000788328
          10     2.29564     1.03554     1.03705 0.000435411
          10     2.32129      1.0082       1.012 0.000611486
          10     2.34694    0.984761    0.988538 0.000843063
          10     2.37259    0.966312    0.965943 0.000803055
          10     2.39824    0.945392     0.94641 0.000930815
          10     2.42389    0.930958    0.932345 0.000669954
          10     2.44954    0.920464    0.919006  0.00076247
          10     2.47519    0.906329    0.908392 0.000560766
          10     2.50084    0.892175    0.894301 0.000940587
          10     2.52649     0.88882     0.88643 0.000698212
          10     2.55214    0.887239    0.886165 0.000597314
