           1   0.0323165           0
           1   0.0969496           0
           1    0.161583           0
           1    0.226216           0
           1    0.290849           0
           1    0.355482           0
           1    0.420115           0
           1    0.484748           0
           1    0.549381           0
           1    0.614014           0
           1    0.678647           0
           1     0.74328           0
           1    0.807913           0
           1    0.872546           0
           1    0.937179    0.199809
           1     1.00181     1.03785
           1     1.06645     1.41494
           1     1.13108     1.72648
           1     1.19571     1.56406
           1     1.26034      1.4982
           1     1.32498     1.28551
           1     1.38961     1.27852
           1     1.45424     1.18035
           1     1.51888     1.09884
           1     1.58351       1.241
           1     1.64814     1.07509
           1     1.71278     1.00016
           1     1.77741     1.00452
           1     1.84204     1.00851
           1     1.90667    0.918723
           1     1.97131    0.942192
           1     2.03594     1.05328
           1     2.10057     1.08919
           1     2.16521    0.843257
           1     2.22984    0.937227
           1     2.29447     0.98391
           1     2.35911    0.959825
           1     2.42374      1.0044
           1     2.48837     0.89105
           1     2.55301    0.911569
           1     2.61764     0.95329
           1     2.68227     1.04354
           1      2.7469     1.01888
           1     2.81154     1.07352
           1     2.87617      1.0735
           1      2.9408       1.151
           1     3.00544     1.09395
           1     3.07007     1.03846
           1      3.1347     1.03158
           1     3.19934    0.963816
           1     3.26397    0.975675
           1      3.3286     1.03857
           1     3.39323    0.980775
           1     3.45787    0.901931
           1      3.5225    0.939146
           1     3.58713     1.05533
           1     3.65177     1.01232
           1      3.7164     1.06953
           1     3.78103     1.02722
           1     3.84567    0.907112
           1      3.9103    0.890197
           1     3.97493    0.867256
           1     4.03957     0.87815
           1      4.1042    0.902686
           1     4.16883    0.928046
           1     4.23346    0.920407
           1      4.2981    0.950818
           1     4.36273    0.968375
           1     4.42736    0.985206
           1       4.492    0.939997
           1     4.55663    0.929553
           1     4.62126    0.902986
           1      4.6859    0.891124
           1     4.75053    0.888157
           1     4.81516    0.931441
           1     4.87979    0.975678
           1     4.94443    0.979248
           1     5.00906    0.992306
           1     5.07369    0.997211
           1     5.13833    0.996894
           1     5.20296     1.01313
           1     5.26759    0.990474
           1     5.33223     1.01304
           1     5.39686     1.06775
           1     5.46149    0.992023
           1     5.52612    0.961413
           1     5.59076     1.01058
           1     5.65539     1.04329
           1     5.72002     1.03601
           1     5.78466     1.06702
           1     5.84929     1.02558
           1     5.91392     1.02089
           1     5.97856    0.985921
           1     6.04319     1.02644
           1     6.10782     0.98833
           1     6.17246    0.949129
           1     6.23709    0.980316
           1     6.30172     1.01078
           1     6.36635    0.930335
           1     6.43099    0.937254
           2   0.0323165           0
           2   0.0969496           0
           2    0.161583           0
           2    0.226216           0
           2    0.290849           0
           2    0.355482           0
           2    0.420115           0
           2    0.484748           0
           2    0.549381           0
           2    0.614014           0
           2    0.678647           0
           2     0.74328           0
           2    0.807913           0
           2    0.872546           0
           2    0.937179    0.142721
           2     1.00181    0.688115
           2     1.06645     1.32675
           2     1.13108     1.69619
           2     1.19571     1.51782
           2     1.26034     1.50107
           2     1.32498     1.24655
           2     1.38961      1.2431
           2     1.45424     1.18466
           2     1.51888     1.07809
           2     1.58351    0.820971
           2     1.64814    0.866956
           2     1.71278    0.949643
           2     1.77741    0.896274
           2     1.84204     1.03202
           2     1.90667    0.989587
           2     1.97131     1.06129
           2     2.03594    0.996628
           2     2.10057     1.08092
           2     2.16521    0.980395
           2     2.22984    0.829015
           2     2.29447    0.914621
           2     2.35911     1.03438
           2     2.42374    0.870122
           2     2.48837    0.921611
           2     2.55301    0.956343
           2     2.61764    0.949963
           2     2.68227    0.967797
           2      2.7469     1.00256
           2     2.81154     1.00978
           2     2.87617    0.959121
           2      2.9408    0.910046
           2     3.00544    0.947555
           2     3.07007    0.976294
           2      3.1347    0.940627
           2     3.19934    0.915481
           2     3.26397    0.982952
           2      3.3286      0.9754
           2     3.39323    0.999784
           2     3.45787     1.03179
           2      3.5225    0.996844
           2     3.58713    0.992254
           2     3.65177     1.11388
           2      3.7164    0.963058
           2     3.78103    0.994686
           2     3.84567     1.05897
           2      3.9103     1.01098
           2     3.97493      1.0156
           2     4.03957    0.959607
           2      4.1042    0.979298
           2     4.16883     1.02631
           2     4.23346      1.0059
           2      4.2981    0.987103
           2     4.36273    0.991734
           2     4.42736    0.975436
           2       4.492     1.01299
           2     4.55663     1.01718
           2     4.62126     0.95626
           2      4.6859     1.00867
           2     4.75053    0.953422
           2     4.81516     1.00431
           2     4.87979     1.01714
           2     4.94443     1.02392
           2     5.00906    0.956231
           2     5.07369    0.928392
           2     5.13833    0.968656
           2     5.20296    0.974049
           2     5.26759    0.947664
           2     5.33223     1.00751
           2     5.39686    0.976708
           2     5.46149     1.04729
           2     5.52612    0.991576
           2     5.59076    0.964625
           2     5.65539    0.991463
           2     5.72002     1.00758
           2     5.78466    0.994594
           2     5.84929    0.982864
           2     5.91392    0.975775
           2     5.97856    0.986048
           2     6.04319    0.980927
           2     6.10782     0.94622
           2     6.17246    0.938177
           2     6.23709     0.92786
           2     6.30172     0.92701
           2     6.36635    0.905808
           2     6.43099    0.933891
           3   0.0323165           0
           3   0.0969496           0
           3    0.161583           0
           3    0.226216           0
           3    0.290849           0
           3    0.355482           0
           3    0.420115           0
           3    0.484748           0
           3    0.549381           0
           3    0.614014           0
           3    0.678647           0
           3     0.74328           0
           3    0.807913           0
           3    0.872546           0
           3    0.937179    0.186834
           3     1.00181     1.30583
           3     1.06645     1.68149
           3     1.13108     1.75499
           3     1.19571     1.76973
           3     1.26034     1.57282
           3     1.32498     1.36471
           3     1.38961     1.32338
           3     1.45424     1.28168
           3     1.51888     1.14134
           3     1.58351     1.14372
           3     1.64814     1.30337
           3     1.71278      1.0631
           3     1.77741    0.974933
           3     1.84204     1.08309
           3     1.90667    0.980807
           3     1.97131    0.963312
           3     2.03594     1.10388
           3     2.10057    0.871142
           3     2.16521     1.02076
           3     2.22984     1.06791
           3     2.29447     0.95273
           3     2.35911     1.01759
           3     2.42374     1.01372
           3     2.48837     1.04864
           3     2.55301    0.957393
           3     2.61764    0.939648
           3     2.68227      0.9941
           3      2.7469    0.898619
           3     2.81154     0.94027
           3     2.87617    0.939002
           3      2.9408    0.921645
           3     3.00544    0.897072
           3     3.07007      1.0046
           3      3.1347    0.993297
           3     3.19934      1.1017
           3     3.26397    0.996006
           3      3.3286    0.962848
           3     3.39323     1.02553
           3     3.45787     1.02588
           3      3.5225    0.995741
           3     3.58713    0.990482
           3     3.65177    0.969581
           3      3.7164    0.909738
           3     3.78103     0.91048
           3     3.84567    0.961225
           3      3.9103    0.995918
           3     3.97493    0.985439
           3     4.03957    0.989648
           3      4.1042      1.0065
           3     4.16883    0.952972
           3     4.23346    0.967859
           3      4.2981    0.972663
           3     4.36273       1.066
           3     4.42736     1.06605
           3       4.492    0.957624
           3     4.55663    0.955688
           3     4.62126     0.96384
           3      4.6859    0.975024
           3     4.75053    0.966051
           3     4.81516    0.935669
           3     4.87979    0.973955
           3     4.94443    0.935695
           3     5.00906    0.974768
           3     5.07369     0.91307
           3     5.13833    0.909933
           3     5.20296    0.897911
           3     5.26759    0.972068
           3     5.33223    0.987217
           3     5.39686      1.0128
           3     5.46149    0.926057
           3     5.52612     1.03466
           3     5.59076      1.0472
           3     5.65539     1.09519
           3     5.72002     1.01504
           3     5.78466    0.993708
           3     5.84929     1.01925
           3     5.91392     1.02271
           3     5.97856     1.01488
           3     6.04319    0.993726
           3     6.10782    0.997192
           3     6.17246    0.969536
           3     6.23709    0.984653
           3     6.30172     1.01807
           3     6.36635    0.992946
           3     6.43099    0.973253
           4   0.0323165           0
           4   0.0969496           0
           4    0.161583           0
           4    0.226216           0
           4    0.290849           0
           4    0.355482           0
           4    0.420115           0
           4    0.484748           0
           4    0.549381           0
           4    0.614014           0
           4    0.678647           0
           4     0.74328           0
           4    0.807913           0
           4    0.872546           0
           4    0.937179     0.16867
           4     1.00181     1.26495
           4     1.06645      2.1204
           4     1.13108     2.12202
           4     1.19571      2.1444
           4     1.26034     1.57425
           4     1.32498     1.38938
           4     1.38961     1.35997
           4     1.45424     1.33881
           4     1.51888     1.16308
           4     1.58351     1.13827
           4     1.64814     1.12629
           4     1.71278     1.17112
           4     1.77741    0.987201
           4     1.84204     1.11803
           4     1.90667     1.01718
           4     1.97131     1.03723
           4     2.03594    0.997178
           4     2.10057     1.00652
           4     2.16521    0.990122
           4     2.22984     1.02985
           4     2.29447    0.970919
           4     2.35911    0.945487
           4     2.42374     1.09173
           4     2.48837     1.01035
           4     2.55301     1.00671
           4     2.61764    0.985233
           4     2.68227      1.0673
           4      2.7469     1.09744
           4     2.81154    0.992187
           4     2.87617     1.04043
           4      2.9408      1.0785
           4     3.00544    0.996018
           4     3.07007     1.07668
           4      3.1347    0.998169
           4     3.19934    0.971613
           4     3.26397    0.940149
           4      3.3286    0.917164
           4     3.39323    0.935033
           4     3.45787    0.970196
           4      3.5225    0.913238
           4     3.58713    0.896395
           4     3.65177    0.934874
           4      3.7164    0.923605
           4     3.78103    0.967574
           4     3.84567       1.038
           4      3.9103    0.974296
           4     3.97493    0.956868
           4     4.03957    0.975396
           4      4.1042    0.978621
           4     4.16883     1.06107
           4     4.23346     1.07383
           4      4.2981    0.980068
           4     4.36273     1.01917
           4     4.42736      1.0358
           4       4.492    0.966099
           4     4.55663    0.946024
           4     4.62126     0.91046
           4      4.6859    0.988004
           4     4.75053     1.01323
           4     4.81516    0.969202
           4     4.87979    0.945709
           4     4.94443    0.930752
           4     5.00906    0.952323
           4     5.07369    0.946372
           4     5.13833    0.939467
           4     5.20296    0.948529
           4     5.26759    0.914138
           4     5.33223    0.951773
           4     5.39686    0.946961
           4     5.46149    0.965958
           4     5.52612    0.939687
           4     5.59076    0.998325
           4     5.65539    0.979201
           4     5.72002     0.99887
           4     5.78466     1.03084
           4     5.84929    0.987196
           4     5.91392    0.928903
           4     5.97856    0.974694
           4     6.04319    0.992664
           4     6.10782      1.0555
           4     6.17246     1.05751
           4     6.23709    0.988111
           4     6.30172    0.997343
           4     6.36635    0.979726
           4     6.43099     0.99514
           5   0.0323165           0
           5   0.0969496           0
           5    0.161583           0
           5    0.226216           0
           5    0.290849           0
           5    0.355482           0
           5    0.420115           0
           5    0.484748           0
           5    0.549381           0
           5    0.614014           0
           5    0.678647           0
           5     0.74328           0
           5    0.807913           0
           5    0.872546           0
           5    0.937179    0.166075
           5     1.00181     1.03785
           5     1.06645     1.98011
           5     1.13108     2.29663
           5     1.19571      1.9738
           5     1.26034     1.78234
           5     1.32498     1.27901
           5     1.38961     1.10616
           5     1.45424    0.993864
           5     1.51888     1.27375
           5     1.58351     1.30101
           5     1.64814     1.17161
           5     1.71278     1.18045
           5     1.77741     1.21019
           5     1.84204     1.03202
           5     1.90667     1.07801
           5     1.97131     1.02961
           5     2.03594     1.03183
           5     2.10057    0.933662
           5     2.16521     1.02903
           5     2.22984     1.02343
           5     2.29447     1.03328
           5     2.35911     1.09419
           5     2.42374     1.03118
           5     2.48837    0.937444
           5     2.55301      0.9448
           5     2.61764    0.975916
           5     2.68227      1.1161
           5      2.7469     1.03338
           5     2.81154    0.935367
           5     2.87617     1.01507
           5      2.9408     1.03052
           5     3.00544     1.06619
           5     3.07007     1.03314
           5      3.1347     1.04341
           5     3.19934    0.990323
           5     3.26397    0.851335
           5      3.3286    0.892676
           5     3.39323    0.960973
           5     3.45787     1.02969
           5      3.5225     1.06685
           5     3.58713    0.992077
           5     3.65177    0.998646
           5      3.7164    0.962728
           5     3.78103     0.90729
           5     3.84567     1.02628
           5      3.9103    0.997856
           5     3.97493    0.972164
           5     4.03957     1.01633
           5      4.1042      1.0042
           5     4.16883     1.02054
           5     4.23346    0.960735
           5      4.2981    0.909226
           5     4.36273    0.939745
           5     4.42736    0.943332
           5       4.492    0.974687
           5     4.55663    0.992804
           5     4.62126     1.08715
           5      4.6859     1.03296
           5     4.75053    0.983832
           5     4.81516    0.921705
           5     4.87979    0.929049
           5     4.94443    0.969736
           5     5.00906     1.01448
           5     5.07369    0.963466
           5     5.13833    0.964597
           5     5.20296    0.974555
           5     5.26759     1.04438
           5     5.33223    0.981444
           5     5.39686    0.992912
           5     5.46149    0.979793
           5     5.52612    0.990905
           5     5.59076    0.982715
           5     5.65539      1.0085
           5     5.72002     1.04249
           5     5.78466    0.952144
           5     5.84929    0.957408
           5     5.91392    0.968083
           5     5.97856    0.974247
           5     6.04319     1.03605
           5     6.10782     1.02524
           5     6.17246    0.974024
           5     6.23709    0.961326
           5     6.30172    0.975009
           5     6.36635     1.01157
           5     6.43099     1.02855
           6   0.0323165           0
           6   0.0969496           0
           6    0.161583           0
           6    0.226216           0
           6    0.290849           0
           6    0.355482           0
           6    0.420115           0
           6    0.484748           0
           6    0.549381           0
           6    0.614014           0
           6    0.678647           0
           6     0.74328           0
           6    0.807913           0
           6    0.872546           0
           6    0.937179    0.108987
           6     1.00181     1.09235
           6     1.06645     1.79773
           6     1.13108     2.33583
           6     1.19571     1.89887
           6     1.26034     1.75507
           6     1.32498     1.39847
           6     1.38961     1.36587
           6     1.45424     1.44552
           6     1.51888     1.39628
           6     1.58351       1.191
           6     1.64814     1.03397
           6     1.71278      1.0973
           6     1.77741     1.21235
           6     1.84204     1.22553
           6     1.90667     1.13445
           6     1.97131     1.12875
           6     2.03594     1.06318
           6     2.10057     1.17134
           6     2.16521      1.1224
           6     2.22984     1.09588
           6     2.29447     1.16233
           6     2.35911     1.00284
           6     2.42374     1.00984
           6     2.48837    0.998565
           6     2.55301      1.0361
           6     2.61764    0.986897
           6     2.68227     1.02547
           6      2.7469     1.02673
           6     2.81154     1.00978
           6     2.87617     1.01562
           6      2.9408    0.946954
           6     3.00544     1.02883
           6     3.07007     1.10958
           6      3.1347     1.01023
           6     3.19934     1.07185
           6     3.26397     1.08589
           6      3.3286    0.957292
           6     3.39323    0.982557
           6     3.45787    0.966192
           6      3.5225    0.991699
           6     3.58713     1.01139
           6     3.65177     1.04686
           6      3.7164     1.03734
           6     3.78103    0.991018
           6     3.84567      1.0619
           6      3.9103     1.02887
           6     3.97493    0.988903
           6     4.03957    0.967013
           6      4.1042    0.935578
           6     4.16883    0.971995
           6     4.23346    0.903869
           6      4.2981    0.881333
           6     4.36273    0.931959
           6     4.42736    0.937749
           6       4.492    0.920901
           6     4.55663    0.961398
           6     4.62126    0.987541
           6      4.6859    0.883648
           6     4.75053    0.890682
           6     4.81516    0.899481
           6     4.87979      0.9504
           6     4.94443    0.928234
           6     5.00906    0.927334
           6     5.07369    0.948055
           6     5.13833    0.875995
           6     5.20296    0.886793
           6     5.26759    0.907401
           6     5.33223    0.957066
           6     5.39686     0.97522
           6     5.46149    0.991488
           6     5.52612     1.00987
           6     5.59076     1.04165
           6     5.65539     1.02867
           6     5.72002    0.981936
           6     5.78466    0.932998
           6     5.84929    0.951411
           6     5.91392    0.901719
           6     5.97856     0.97042
           6     6.04319    0.969502
           6     6.10782    0.922995
           6     6.17246     0.93704
           6     6.23709     1.00575
           6     6.30172    0.950263
           6     6.36635    0.948505
           6     6.43099     0.98461
           7   0.0323165           0
           7   0.0969496           0
           7    0.161583           0
           7    0.226216           0
           7    0.290849           0
           7    0.355482           0
           7    0.420115           0
           7    0.484748           0
           7    0.549381           0
           7    0.614014           0
           7    0.678647           0
           7     0.74328           0
           7    0.807913           0
           7    0.872546           0
           7    0.937179     0.16867
           7     1.00181    0.926571
           7     1.06645     2.00215
           7     1.13108     2.04719
           7     1.19571     2.21615
           7     1.26034     1.97033
           7     1.32498     1.67505
           7     1.38961     1.35053
           7     1.45424     1.18897
           7     1.51888     1.37454
           7     1.58351     1.18464
           7     1.64814     1.14475
           7     1.71278     1.14159
           7     1.77741     1.05143
           7     1.84204      1.0421
           7     1.90667     1.01342
           7     1.97131     1.11643
           7     2.03594     1.16218
           7     2.10057     1.18116
           7     2.16521     1.11218
           7     2.22984    0.963363
           7     2.29447    0.960958
           7     2.35911     1.00366
           7     2.42374     1.11851
           7     2.48837    0.943703
           7     2.55301      1.0305
           7     2.61764    0.901051
           7     2.68227    0.972234
           7      2.7469    0.983828
           7     2.81154      1.0092
           7     2.87617    0.898763
           7      2.9408    0.927709
           7     3.00544    0.970524
           7     3.07007    0.961296
           7      3.1347    0.978215
           7     3.19934     1.04957
           7     3.26397    0.933301
           7      3.3286    0.960584
           7     3.39323    0.933251
           7     3.45787     1.06153
           7      3.5225    0.993536
           7     3.58713     0.96036
           7     3.65177     1.00172
           7      3.7164    0.958601
           7     3.78103    0.868377
           7     3.84567    0.903258
           7      3.9103    0.882593
           7     3.97493    0.912855
           7     4.03957     1.02891
           7      4.1042     1.02951
           7     4.16883     1.04323
           7     4.23346     1.02358
           7      4.2981    0.963777
           7     4.36273    0.897579
           7     4.42736    0.964618
           7       4.492    0.959093
           7     4.55663    0.887934
           7     4.62126    0.931278
           7      4.6859    0.942212
           7     4.75053    0.937863
           7     4.81516    0.931834
           7     4.87979      1.0022
           7     4.94443    0.933737
           7     5.00906    0.970225
           7     5.07369    0.971615
           7     5.13833    0.936186
           7     5.20296    0.947434
           7     5.26759    0.919151
           7     5.33223    0.899971
           7     5.39686    0.899836
           7     5.46149    0.914897
           7     5.52612     0.94454
           7     5.59076    0.939823
           7     5.65539    0.985403
           7     5.72002    0.999636
           7     5.78466     1.03466
           7     5.84929     1.00999
           7     5.91392     1.04644
           7     5.97856      1.0152
           7     6.04319    0.976432
           7     6.10782    0.943897
           7     6.17246    0.972528
           7     6.23709    0.939406
           7     6.30172    0.988271
           7     6.36635    0.966957
           7     6.43099     0.98235
           8   0.0323165           0
           8   0.0969496           0
           8    0.161583           0
           8    0.226216           0
           8    0.290849           0
           8    0.355482           0
           8    0.420115           0
           8    0.484748           0
           8    0.549381           0
           8    0.614014           0
           8    0.678647           0
           8     0.74328           0
           8    0.807913           0
           8    0.872546           0
           8    0.937179      0.1531
           8     1.00181    0.579107
           8     1.06645     1.72358
           8     1.13108     1.84051
           8     1.19571     1.95467
           8     1.26034     1.57999
           8     1.32498     1.41276
           8     1.38961     1.11206
           8     1.45424     1.02189
           8     1.51888    0.964453
           8     1.58351     1.05826
           8     1.64814    0.934936
           8     1.71278     1.10429
           8     1.77741     1.10338
           8     1.84204     1.07637
           8     1.90667     1.00213
           8     1.97131    0.992059
           8     2.03594    0.998278
           8     2.10057    0.901627
           8     2.16521    0.980882
           8     2.22984     1.02939
           8     2.29447     1.09347
           8     2.35911     1.13925
           8     2.42374     1.03623
           8     2.48837       0.975
           8     2.55301    0.974183
           8     2.61764     1.04013
           8     2.68227    0.929453
           8      2.7469    0.900734
           8     2.81154    0.978919
           8     2.87617    0.984477
           8      2.9408    0.898182
           8     3.00544    0.944021
           8     3.07007    0.888485
           8      3.1347    0.969166
           8     3.19934    0.989432
           8     3.26397      1.0371
           8      3.3286     1.07129
           8     3.39323     0.96929
           8     3.45787    0.937208
           8      3.5225    0.913605
           8     3.58713    0.949906
           8     3.65177     1.02805
           8      3.7164    0.976759
           8     3.78103     1.01223
           8     3.84567     1.00732
           8      3.9103    0.988164
           8     3.97493     1.11675
           8     4.03957    0.970645
           8      4.1042     1.09543
           8     4.16883     1.06462
           8     4.23346      1.0162
           8      4.2981    0.984141
           8     4.36273    0.950885
           8     4.42736    0.960547
           8       4.492    0.993105
           8     4.55663    0.974575
           8     4.62126    0.966082
           8      4.6859    0.989457
           8     4.75053     0.94635
           8     4.81516    0.961532
           8     4.87979    0.994445
           8     4.94443       1.002
           8     5.00906    0.986218
           8     5.07369    0.982332
           8     5.13833     1.03878
           8     5.20296    0.947687
           8     5.26759    0.911345
           8     5.33223     1.01376
           8     5.39686     1.04638
           8     5.46149     1.02527
           8     5.52612     1.05944
           8     5.59076     1.00635
           8     5.65539    0.969079
           8     5.72002     0.98326
           8     5.78466     1.05019
           8     5.84929     1.11055
           8     5.91392     1.02004
           8     5.97856     1.01622
           8     6.04319    0.980428
           8     6.10782    0.995541
           8     6.17246    0.963611
           8     6.23709    0.969004
           8     6.30172    0.994644
           8     6.36635    0.932023
           8     6.43099    0.934553
           9   0.0323165           0
           9   0.0969496           0
           9    0.161583           0
           9    0.226216           0
           9    0.290849           0
           9    0.355482           0
           9    0.420115           0
           9    0.484748           0
           9    0.549381           0
           9    0.614014           0
           9    0.678647           0
           9     0.74328           0
           9    0.807913           0
           9    0.872546   0.0119736
           9    0.937179    0.272467
           9     1.00181     1.21726
           9     1.06645     2.42503
           9     1.13108     2.29129
           9     1.19571     2.35645
           9     1.26034     2.00764
           9     1.32498      1.8023
           9     1.38961     1.64802
           9     1.45424     1.31186
           9     1.51888     1.17889
           9     1.58351     1.18009
           9     1.64814     1.07845
           9     1.71278     1.02502
           9     1.77741    0.943181
           9     1.84204    0.946693
           9     1.90667     1.10309
           9     1.97131     1.07595
           9     2.03594     1.13413
           9     2.10057     1.08299
           9     2.16521        1.03
           9     2.22984     1.10459
           9     2.29447     1.06879
           9     2.35911     0.98932
           9     2.42374    0.963266
           9     2.48837     1.03391
           9     2.55301    0.956343
           9     2.61764    0.968929
           9     2.68227     1.01121
           9      2.7469     1.04607
           9     2.81154    0.996802
           9     2.87617     1.01204
           9      2.9408      1.0155
           9     3.00544    0.992736
           9     3.07007    0.972907
           9      3.1347    0.995617
           9     3.19934    0.997005
           9     3.26397    0.951064
           9      3.3286    0.949678
           9     3.39323     1.01701
           9     3.45787     1.03293
           9      3.5225     1.14642
           9     3.58713     1.12479
           9     3.65177     1.08653
           9      3.7164     1.06425
           9     3.78103    0.966298
           9     3.84567     1.02012
           9      3.9103     1.06839
           9     3.97493     1.09958
           9     4.03957     1.07083
           9      4.1042     1.02816
           9     4.16883     1.08771
           9     4.23346      1.1008
           9      4.2981     1.01635
           9     4.36273      1.0218
           9     4.42736     1.03022
           9       4.492     1.00056
           9     4.55663     1.00708
           9     4.62126     1.04893
           9      4.6859      1.0203
           9     4.75053      1.0587
           9     4.81516    0.975299
           9     4.87979    0.970029
           9     4.94443      1.0242
           9     5.00906     1.00666
           9     5.07369    0.991543
           9     5.13833    0.984545
           9     5.20296     1.00538
           9     5.26759    0.961633
           9     5.33223    0.962599
           9     5.39686    0.934436
           9     5.46149    0.943943
           9     5.52612    0.953051
           9     5.59076    0.972211
           9     5.65539     1.00123
           9     5.72002     1.01601
           9     5.78466     1.03691
           9     5.84929     1.03158
           9     5.91392     1.02017
           9     5.97856     1.00844
           9     6.04319    0.983612
           9     6.10782    0.985274
           9     6.17246    0.954275
           9     6.23709     0.93249
           9     6.30172    0.987927
           9     6.36635    0.983552
           9     6.43099    0.955447
          10   0.0323165           0
          10   0.0969496           0
          10    0.161583           0
          10    0.226216           0
          10    0.290849           0
          10    0.355482           0
          10    0.420115           0
          10    0.484748           0
          10    0.549381           0
          10    0.614014           0
          10    0.678647           0
          10     0.74328           0
          10    0.807913           0
          10    0.872546           0
          10    0.937179     0.15829
          10     1.00181     1.59198
          10     1.06645     2.79179
          10     1.13108     2.61378
          10     1.19571     2.66894
          10     1.26034      2.1655
          10     1.32498     1.94384
          10     1.38961     1.96558
          10     1.45424     1.64602
          10     1.51888      1.4368
          10     1.58351     1.27828
          10     1.64814     1.23036
          10     1.71278     1.08953
          10     1.77741     1.18998
          10     1.84204      1.1066
          10     1.90667     1.00025
          10     1.97131    0.989126
          10     2.03594     1.04668
          10     2.10057     1.03493
          10     2.16521     1.08301
          10     2.22984     1.05461
          10     2.29447     1.10084
          10     2.35911     1.11918
          10     2.42374     1.16042
          10     2.48837     1.12449
          10     2.55301     1.06548
          10     2.61764     1.04646
          10     2.68227     1.03815
          10      2.7469     0.99954
          10     2.81154     1.10986
          10     2.87617     1.03519
          10      2.9408     1.03395
          10     3.00544     1.11112
          10     3.07007     1.06991
          10      3.1347     1.15873
          10     3.19934     1.15137
          10     3.26397     1.16208
          10      3.3286     1.22254
          10     3.39323     1.12216
          10     3.45787      1.0663
          10      3.5225     1.09203
          10     3.58713      1.0828
          10     3.65177     1.06327
          10      3.7164     1.07184
          10     3.78103     1.09197
          10     3.84567     1.04432
          10      3.9103     1.06272
          10     3.97493     1.08255
          10     4.03957     1.02947
          10      4.1042     1.03154
          10     4.16883     1.09112
          10     4.23346      1.0405
          10      4.2981    0.981056
          10     4.36273     1.03258
          10     4.42736      1.0429
          10       4.492     1.03751
          10     4.55663     1.03552
          10     4.62126    0.994694
          10      4.6859    0.975543
          10     4.75053     0.91493
          10     4.81516    0.933211
          10     4.87979    0.948198
          10     4.94443    0.968523
          10     5.00906    0.992579
          10     5.07369    0.951066
          10     5.13833    0.956652
          10     5.20296    0.948277
          10     5.26759    0.926053
          10     5.33223     0.95033
          10     5.39686    0.990563
          10     5.46149     1.01304
          10     5.52612    0.923933
          10     5.59076    0.924578
          10     5.65539    0.916754
          10     5.72002    0.909463
          10     5.78466    0.957868
          10     5.84929    0.944947
          10     5.91392    0.975384
          10     5.97856    0.957981
          10     6.04319     0.94584
          10     6.10782    0.941453
          10     6.17246    0.970673
          10     6.23709    0.961092
          10     6.30172    0.974032
          10     6.36635    0.988502
          10     6.43099     0.98053
          11   0.0323165           0
          11   0.0969496           0
          11    0.161583           0
          11    0.226216           0
          11    0.290849           0
          11    0.355482           0
          11    0.420115           0
          11    0.484748           0
          11    0.549381           0
          11    0.614014           0
          11    0.678647           0
          11     0.74328           0
          11    0.807913           0
          11    0.872546           0
          11    0.937179   0.0908223
          11     1.00181     1.13096
          11     1.06645     2.03823
          11     1.13108      2.7581
          11     1.19571     2.23528
          11     1.26034     2.04639
          11     1.32498     2.20224
          11     1.38961      1.5524
          11     1.45424     1.27521
          11     1.51888     1.35577
          11     1.58351     1.16827
          11     1.64814     1.17412
          11     1.71278      1.1719
          11     1.77741     1.14813
          11     1.84204     1.09585
          11     1.90667     1.50006
          11     1.97131     1.35814
          11     2.03594     1.19463
          11     2.10057     1.18064
          11     2.16521     1.23571
          11     2.22984     1.10276
          11     2.29447     1.17316
          11     2.35911     1.23962
          11     2.42374     1.12316
          11     2.48837     1.13075
          11     2.55301     1.15363
          11     2.61764     1.14195
          11     2.68227      1.1085
          11      2.7469     1.19171
          11     2.81154     1.16063
          11     2.87617     1.20937
          11      2.9408     1.07429
          11     3.00544      1.0205
          11     3.07007    0.971698
          11      3.1347     1.03854
          11     3.19934     1.04044
          11     3.26397     1.08717
          11      3.3286     1.02931
          11     3.39323     1.01978
          11     3.45787     1.00967
          11      3.5225     1.04168
          11     3.58713     1.11434
          11     3.65177     1.12055
          11      3.7164     1.07036
          11     3.78103     1.05082
          11     3.84567    0.988358
          11      3.9103    0.915695
          11     3.97493    0.887458
          11     4.03957    0.914617
          11      4.1042    0.932059
          11     4.16883    0.970946
          11     4.23346    0.960862
          11      4.2981    0.933786
          11     4.36273    0.944537
          11     4.42736    0.917161
          11       4.492    0.943274
          11     4.55663    0.918681
          11     4.62126    0.925726
          11      4.6859     1.00586
          11     4.75053    0.994238
          11     4.81516     1.03843
          11     4.87979      1.0945
          11     4.94443    0.988015
          11     5.00906    0.955958
          11     5.07369    0.951155
          11     5.13833    0.942231
          11     5.20296    0.962174
          11     5.26759     0.97782
          11     5.33223    0.953056
          11     5.39686    0.943908
          11     5.46149    0.916425
          11     5.52612    0.939314
          11     5.59076    0.913126
          11     5.65539      0.9509
          11     5.72002    0.966466
          11     5.78466    0.992686
          11     5.84929     1.01698
          11     5.91392     1.00746
          11     5.97856     1.00129
          11     6.04319     1.03699
          11     6.10782       1.014
          11     6.17246     1.00784
          11     6.23709    0.988991
          11     6.30172     1.02771
          11     6.36635    0.997053
          11     6.43099    0.975183
          12   0.0323165           0
          12   0.0969496           0
          12    0.161583           0
          12    0.226216           0
          12    0.290849           0
          12    0.355482           0
          12    0.420115           0
          12    0.484748           0
          12    0.549381           0
          12    0.614014           0
          12    0.678647           0
          12     0.74328           0
          12    0.807913           0
          12    0.872546           0
          12    0.937179    0.103797
          12     1.00181     0.96972
          12     1.06645     2.68958
          12     1.13108     3.52067
          12     1.19571     3.06434
          12     1.26034     2.41663
          12     1.32498     1.66337
          12     1.38961     1.40719
          12     1.45424     1.51343
          12     1.51888     1.45755
          12     1.58351     1.43829
          12     1.64814     1.21944
          12     1.71278     1.25738
          12     1.77741     1.31338
          12     1.84204      1.1664
          12     1.90667     1.10498
          12     1.97131    0.973873
          12     2.03594    0.944927
          12     2.10057      1.0494
          12     2.16521     1.01298
          12     2.22984      0.9519
          12     2.29447     1.01812
          12     2.35911     1.02578
          12     2.42374     1.00324
          12     2.48837     1.01182
          12     2.55301      1.1085
          12     2.61764     1.01718
          12     2.68227     1.13892
          12      2.7469     1.14699
          12     2.81154     1.11794
          12     2.87617     1.07818
          12      2.9408     1.00732
          12     3.00544     1.07326
          12     3.07007     1.00653
          12      3.1347     1.02369
          12     3.19934     1.00948
          12     3.26397     1.07947
          12      3.3286    0.994332
          12     3.39323    0.965923
          12     3.45787    0.924432
          12      3.5225      1.0154
          12     3.58713    0.980205
          12     3.65177     0.91658
          12      3.7164    0.932354
          12     3.78103     1.01478
          12     3.84567    0.958912
          12      3.9103      1.0065
          12     3.97493    0.980677
          12     4.03957     0.97861
          12      4.1042    0.914598
          12     4.16883    0.982359
          12     4.23346    0.959208
          12      4.2981    0.967603
          12     4.36273     1.00611
          12     4.42736    0.936586
          12       4.492    0.911749
          12     4.55663    0.904626
          12     4.62126    0.898609
          12      4.6859    0.927259
          12     4.75053    0.956352
          12     4.81516    0.916789
          12     4.87979    0.922346
          12     4.94443    0.938959
          12     5.00906    0.967862
          12     5.07369    0.990834
          12     5.13833     0.95622
          12     5.20296     1.00572
          12     5.26759      1.0392
          12     5.33223     1.02074
          12     5.39686    0.941873
          12     5.46149    0.944861
          12     5.52612     0.93685
          12     5.59076     1.00277
          12     5.65539    0.980556
          12     5.72002    0.999706
          12     5.78466     1.03738
          12     5.84929     1.04924
          12     5.91392     1.04247
          12     5.97856     1.02375
          12     6.04319     1.06253
          12     6.10782     1.01467
          12     6.17246    0.957627
          12     6.23709    0.982426
          12     6.30172     0.96875
          12     6.36635    0.979164
          12     6.43099    0.962228
          13   0.0323165           0
          13   0.0969496           0
          13    0.161583           0
          13    0.226216           0
          13    0.290849           0
          13    0.355482           0
          13    0.420115           0
          13    0.484748           0
          13    0.549381           0
          13    0.614014           0
          13    0.678647           0
          13     0.74328           0
          13    0.807913           0
          13    0.872546           0
          13    0.937179   0.0986071
          13     1.00181    0.899319
          13     1.06645     2.59739
          13     1.13108     3.47969
          13     1.19571     2.82997
          13     1.26034     2.42955
          13     1.32498     1.80101
          13     1.38961     1.40129
          13     1.45424     1.27736
          13     1.51888     1.21051
          13     1.58351     1.07554
          13     1.64814     1.20686
          13     1.71278     1.11828
          13     1.77741     1.00596
          13     1.84204     1.00515
          13     1.90667     1.09369
          13     1.97131    0.949232
          13     2.03594    0.927876
          13     2.10057    0.906278
          13     2.16521    0.941491
          13     2.22984    0.953734
          13     2.29447     1.10473
          13     2.35911    0.983585
          13     2.42374    0.968311
          13     2.48837     1.06263
          13     2.55301     1.04834
          13     2.61764     1.09337
          13     2.68227     1.17441
          13      2.7469     1.02704
          13     2.81154     1.11909
          13     2.87617    0.989438
          13      2.9408     1.06638
          13     3.00544      1.0253
          13     3.07007     1.04402
          13      3.1347     1.00374
          13     3.19934    0.970499
          13     3.26397     1.04245
          13      3.3286     1.00215
          13     3.39323    0.986319
          13     3.45787    0.956276
          13      3.5225    0.920771
          13     3.58713     1.00997
          13     3.65177     1.04019
          13      3.7164     1.01984
          13     3.78103     1.07379
          13     3.84567     1.04201
          13      3.9103    0.966095
          13     3.97493     1.04157
          13     4.03957    0.966035
          13      4.1042    0.931111
          13     4.16883    0.978555
          13     4.23346    0.963152
          13      4.2981    0.967233
          13     4.36273    0.946693
          13     4.42736    0.939145
          13       4.492    0.970393
          13     4.55663     1.01861
          13     4.62126    0.927541
          13      4.6859    0.962356
          13     4.75053     1.00869
          13     4.81516    0.989951
          13     4.87979    0.910473
          13     4.94443    0.936068
          13     5.00906    0.985309
          13     5.07369    0.939287
          13     5.13833    0.940331
          13     5.20296    0.931348
          13     5.26759     1.00921
          13     5.33223     1.04383
          13     5.39686     1.07299
          13     5.46149     1.07137
          13     5.52612     1.04653
          13     5.59076     1.05303
          13     5.65539     1.05526
          13     5.72002     1.02598
          13     5.78466     1.02062
          13     5.84929     1.03191
          13     5.91392      1.0218
          13     5.97856     1.01405
          13     6.04319     1.01152
          13     6.10782     1.05489
          13     6.17246    0.989583
          13     6.23709    0.996434
          13     6.30172    0.959105
          13     6.36635    0.959812
          13     6.43099     1.00898
          14   0.0323165           0
          14   0.0969496           0
          14    0.161583           0
          14    0.226216           0
          14    0.290849           0
          14    0.355482           0
          14    0.420115           0
          14    0.484748           0
          14    0.549381           0
          14    0.614014           0
          14    0.678647           0
          14     0.74328           0
          14    0.807913           0
          14    0.872546  0.00299341
          14    0.937179     0.15829
          14     1.00181     1.38759
          14     1.06645     2.92206
          14     1.13108      3.4494
          14     1.19571     2.86186
          14     1.26034     2.44964
          14     1.32498     1.80101
          14     1.38961     1.39303
          14     1.45424     1.41965
          14     1.51888     1.19865
          14     1.58351     1.18554
          14     1.64814     1.02977
          14     1.71278     1.14315
          14     1.77741    0.977098
          14     1.84204     1.00044
          14     1.90667     1.00025
          14     1.97131    0.980913
          14     2.03594     1.03403
          14     2.10057    0.992565
          14     2.16521     1.14428
          14     2.22984     1.03168
          14     2.29447     1.06619
          14     2.35911     1.08846
          14     2.42374     1.10376
          14     2.48837     1.09062
          14     2.55301     1.00986
          14     2.61764    0.969927
          14     2.68227     1.06603
          14      2.7469     1.14186
          14     2.81154     1.02276
          14     2.87617    0.969043
          14      2.9408    0.963298
          14     3.00544      1.0051
          14     3.07007    0.955007
          14      3.1347     0.98332
          14     3.19934    0.969831
          14     3.26397    0.983594
          14      3.3286     1.00915
          14     3.39323    0.952656
          14     3.45787    0.964285
          14      3.5225    0.986003
          14     3.58713    0.975421
          14     3.65177    0.966161
          14      3.7164    0.980721
          14     3.78103     1.08001
          14     3.84567      0.9862
          14      3.9103    0.974744
          14     3.97493    0.954559
          14     4.03957    0.987971
          14      4.1042    0.948437
          14     4.16883     1.00558
          14     4.23346     1.05806
          14      4.2981     1.07522
          14     4.36273    0.996286
          14     4.42736    0.978576
          14       4.492     1.03175
          14     4.55663    0.997197
          14     4.62126     1.00153
          14      4.6859    0.946573
          14     4.75053     0.90513
          14     4.81516    0.931539
          14     4.87979    0.983529
          14     4.94443    0.970855
          14     5.00906    0.989671
          14     5.07369    0.972412
          14     5.13833     1.01166
          14     5.20296    0.992073
          14     5.26759     1.02195
          14     5.33223     1.03116
          14     5.39686    0.977021
          14     5.46149    0.975589
          14     5.52612    0.977241
          14     5.59076    0.945367
          14     5.65539    0.928516
          14     5.72002    0.985978
          14     5.78466    0.981307
          14     5.84929    0.996725
          14     5.91392    0.985163
          14     5.97856      1.0027
          14     6.04319     1.02575
          14     6.10782    0.989796
          14     6.17246     1.04542
          14     6.23709     1.02216
          14     6.30172     1.03351
          14     6.36635     1.04313
          14     6.43099     1.01554
          15   0.0323165           0
          15   0.0969496           0
          15    0.161583           0
          15    0.226216           0
          15    0.290849           0
          15    0.355482           0
          15    0.420115           0
          15    0.484748           0
          15    0.549381           0
          15    0.614014           0
          15    0.678647           0
          15     0.74328           0
          15    0.807913           0
          15    0.872546  0.00598682
          15    0.937179    0.166075
          15     1.00181     1.31264
          15     1.06645     2.75171
          15     1.13108     3.09128
          15     1.19571     2.24165
          15     1.26034     1.96028
          15     1.32498     1.76984
          15     1.38961     1.52997
          15     1.45424     1.31617
          15     1.51888      1.1028
          15     1.58351    0.981892
          15     1.64814    0.866116
          15     1.71278     1.04368
          15     1.77741    0.909985
          15     1.84204    0.929896
          15     1.90667     1.04979
          15     1.97131    0.947472
          15     2.03594     1.10663
          15     2.10057     1.06232
          15     2.16521     1.13261
          15     2.22984     1.02939
          15     2.29447     1.06099
          15     2.35911     1.09091
          15     2.42374    0.929113
          15     2.48837    0.885159
          15     2.55301    0.965088
          15     2.61764    0.918353
          15     2.68227    0.866391
          15      2.7469    0.975972
          15     2.81154    0.978919
          15     2.87617    0.994124
          15      2.9408     1.01102
          15     3.00544    0.991222
          15     3.07007    0.927431
          15      3.1347    0.924617
          15     3.19934    0.902562
          15     3.26397     1.03496
          15      3.3286     1.09105
          15     3.39323    0.910677
          15     3.45787    0.956467
          15      3.5225    0.994271
          15     3.58713     1.11381
          15     3.65177     1.07199
          15      3.7164     1.03256
          15     3.78103    0.975548
          15     3.84567     0.99992
          15      3.9103     1.03513
          15     3.97493    0.954992
          15     4.03957     1.00697
          15      4.1042    0.987825
          15     4.16883    0.997184
          15     4.23346     1.01366
          15      4.2981     1.02721
          15     4.36273    0.977838
          15     4.42736    0.946007
          15       4.492     0.95254
          15     4.55663    0.933616
          15     4.62126     0.93384
          15      4.6859    0.969001
          15     4.75053    0.942713
          15     4.81516    0.941471
          15     4.87979    0.982476
          15     4.94443    0.989973
          15     5.00906    0.992943
          15     5.07369     1.01174
          15     5.13833    0.985927
          15     5.20296     1.01886
          15     5.26759     1.03386
          15     5.33223    0.979198
          15     5.39686     1.01749
          15     5.46149     1.03659
          15     5.52612     1.01592
          15     5.59076     1.05464
          15     5.65539     1.05085
          15     5.72002     1.05587
          15     5.78466     1.04726
          15     5.84929     1.05563
          15     5.91392     1.04768
          15     5.97856     1.02764
          15     6.04319     1.00496
          15     6.10782     1.04761
          15     6.17246      1.0064
          15     6.23709      1.0255
          15     6.30172     1.04666
          15     6.36635     1.06371
          15     6.43099     1.03759
          16   0.0323165           0
          16   0.0969496           0
          16    0.161583           0
          16    0.226216           0
          16    0.290849           0
          16    0.355482           0
          16    0.420115           0
          16    0.484748           0
          16    0.549381           0
          16    0.614014           0
          16    0.678647           0
          16     0.74328           0
          16    0.807913           0
          16    0.872546           0
          16    0.937179    0.108987
          16     1.00181      1.0106
          16     1.06645     1.64341
          16     1.13108      2.3679
          16     1.19571     2.18426
          16     1.26034     1.95167
          16     1.32498      1.3725
          16     1.38961     1.37768
          16     1.45424     1.24718
          16     1.51888     1.22731
          16     1.58351     1.23918
          16     1.64814     1.11202
          16     1.71278    0.995494
          16     1.77741      1.0572
          16     1.84204     1.03337
          16     1.90667     1.19403
          16     1.97131     1.17627
          16     2.03594     1.12918
          16     2.10057     1.18116
          16     2.16521     1.10051
          16     2.22984    0.991792
          16     2.29447    0.870016
          16     2.35911    0.957367
          16     2.42374     1.02575
          16     2.48837    0.997829
          16     2.55301      1.0256
          16     2.61764     1.02549
          16     2.68227    0.991564
          16      2.7469     1.07508
          16     2.81154     1.06718
          16     2.87617    0.973453
          16      2.9408      1.0582
          16     3.00544    0.958156
          16     3.07007    0.991049
          16      3.1347     1.11534
          16     3.19934     1.13132
          16     3.26397     1.10002
          16      3.3286      1.0715
          16     3.39323     1.10473
          16     3.45787     1.15764
          16      3.5225     1.06869
          16     3.58713      1.0929
          16     3.65177     1.11645
          16      3.7164     1.11031
          16     3.78103     1.09612
          16     3.84567    0.999766
          16      3.9103     1.01366
          16     3.97493     1.00131
          16     4.03957     0.94312
          16      4.1042    0.907018
          16     4.16883    0.944314
          16     4.23346     1.02943
          16      4.2981     1.10324
          16     4.36273    0.991734
          16     4.42736     1.03894
          16       4.492     1.04147
          16     4.55663     1.05013
          16     4.62126     1.04007
          16      4.6859     1.04459
          16     4.75053     1.03263
          16     4.81516     1.07078
          16     4.87979    0.991381
          16     4.94443      1.0228
          16     5.00906    0.982583
          16     5.07369    0.933441
          16     5.13833     1.00829
          16     5.20296     1.00622
          16     5.26759     1.01233
          16     5.33223     1.02306
          16     5.39686     0.98798
          16     5.46149    0.934006
          16     5.52612     0.98299
          16     5.59076    0.942377
          16     5.65539    0.984762
          16     5.72002    0.970577
          16     5.78466     0.91242
          16     5.84929    0.944747
          16     5.91392    0.933793
          16     5.97856    0.889408
          16     6.04319    0.956641
          16     6.10782    0.951292
          16     6.17246     0.93704
          16     6.23709    0.981488
          16     6.30172    0.920867
          16     6.36635    0.934385
          16     6.43099    0.970001
          17   0.0323165           0
          17   0.0969496           0
          17    0.161583           0
          17    0.226216           0
          17    0.290849           0
          17    0.355482           0
          17    0.420115           0
          17    0.484748           0
          17    0.549381           0
          17    0.614014           0
          17    0.678647           0
          17     0.74328           0
          17    0.807913           0
          17    0.872546           0
          17    0.937179    0.243923
          17     1.00181     1.26722
          17     1.06645     2.71563
          17     1.13108     2.87213
          17     1.19571     2.18266
          17     1.26034     1.70771
          17     1.32498     1.52832
          17     1.38961     1.64802
          17     1.45424     1.66435
          17     1.51888     1.64827
          17     1.58351     1.18282
          17     1.64814     1.10698
          17     1.71278     1.06854
          17     1.77741     1.02689
          17     1.84204     1.00851
          17     1.90667     1.24357
          17     1.97131     1.17217
          17     2.03594     1.12533
          17     2.10057     1.22921
          17     2.16521     1.18221
          17     2.22984     1.16374
          17     2.29447     1.17965
          17     2.35911      1.2302
          17     2.42374     1.21941
          17     2.48837      1.1256
          17     2.55301     1.06793
          17     2.61764     0.99821
          17     2.68227     1.05368
          17      2.7469     1.13642
          17     2.81154     1.22091
          17     2.87617     1.11153
          17      2.9408     1.18633
          17     3.00544     1.19214
          17     3.07007     1.00411
          17      3.1347    0.965222
          17     3.19934    0.965376
          17     3.26397    0.935441
          17      3.3286    0.837321
          17     3.39323    0.907509
          17     3.45787       0.921
          17      3.5225    0.984349
          17     3.58713     1.08953
          17     3.65177     1.10961
          17      3.7164     1.04758
          17     3.78103     1.07283
          17     3.84567     1.07222
          17      3.9103     1.02321
          17     3.97493     1.05701
          17     4.03957     1.04302
          17      4.1042     1.04603
          17     4.16883     1.01726
          17     4.23346     1.05806
          17      4.2981    0.977476
          17     4.36273     0.98814
          17     4.42736    0.981484
          17       4.492     1.00486
          17     4.55663    0.891668
          17     4.62126     0.94473
          17      4.6859    0.901923
          17     4.75053    0.877245
          17     4.81516    0.941373
          17     4.87979    0.937666
          17     4.94443    0.944275
          17     5.00906    0.996759
          17     5.07369    0.932644
          17     5.13833    0.886272
          17     5.20296    0.864811
          17     5.26759    0.940104
          17     5.33223     1.00446
          17     5.39686    0.935219
          17     5.46149     1.00937
          17     5.52612    0.943121
          17     5.59076    0.978922
          17     5.65539    0.965015
          17     5.72002    0.971692
          17     5.78466    0.970882
          17     5.84929    0.958274
          17     5.91392    0.971603
          17     5.97856    0.979925
          17     6.04319     1.01676
          17     6.10782     0.98069
          17     6.17246    0.992216
          17     6.23709    0.979965
          17     6.30172    0.927757
          17     6.36635    0.964763
          17     6.43099    0.920715
          18   0.0323165           0
          18   0.0969496           0
          18    0.161583           0
          18    0.226216           0
          18    0.290849           0
          18    0.355482           0
          18    0.420115           0
          18    0.484748           0
          18    0.549381           0
          18    0.614014           0
          18    0.678647           0
          18     0.74328           0
          18    0.807913           0
          18    0.872546           0
          18    0.937179   0.0700629
          18     1.00181    0.717638
          18     1.06645     1.70754
          18     1.13108     2.81689
          18     1.19571     2.43298
          18     1.26034     2.32479
          18     1.32498     2.14251
          18     1.38961     1.44261
          18     1.45424     1.30755
          18     1.51888     1.16604
          18     1.58351     1.10099
          18     1.64814     1.01299
          18     1.71278     1.08719
          18     1.77741    0.902769
          18     1.84204     0.95274
          18     1.90667    0.970146
          18     1.97131     1.10411
          18     2.03594     1.08353
          18     2.10057     1.02977
          18     2.16521     1.13699
          18     2.22984     1.06378
          18     2.29447     1.08698
          18     2.35911     1.03151
          18     2.42374    0.845283
          18     2.48837    0.964322
          18     2.55301    0.958092
          18     2.61764     1.06176
          18     2.68227     1.07776
          18      2.7469     1.02522
          18     2.81154      1.0343
          18     2.87617    0.995226
          18      2.9408    0.925072
          18     3.00544    0.947302
          18     3.07007     1.04572
          18      3.1347     1.15015
          18     3.19934     1.12508
          18     3.26397     1.07669
          18      3.3286     1.03919
          18     3.39323      1.0184
          18     3.45787     1.05867
          18      3.5225     1.04186
          18     3.58713     1.03354
          18     3.65177     1.01779
          18      3.7164      1.0172
          18     3.78103    0.906971
          18     3.84567    0.908654
          18      3.9103    0.998751
          18     3.97493     1.01459
          18     4.03957    0.990206
          18      4.1042    0.989991
          18     4.16883    0.919387
          18     4.23346    0.941016
          18      4.2981     1.06128
          18     4.36273     1.01258
          18     4.42736    0.960547
          18       4.492    0.936947
          18     4.55663    0.948221
          18     4.62126    0.983484
          18      4.6859    0.937124
          18     4.75053    0.963626
          18     4.81516    0.996834
          18     4.87979    0.953752
          18     4.94443    0.945767
          18     5.00906    0.948234
          18     5.07369    0.916435
          18     5.13833     1.01296
          18     5.20296    0.989378
          18     5.26759    0.981435
          18     5.33223    0.993713
          18     5.39686    0.992364
          18     5.46149     1.03919
          18     5.52612     1.00121
          18     5.59076    0.960759
          18     5.65539     1.01085
          18     5.72002    0.969881
          18     5.78466    0.995139
          18     5.84929     1.03118
          18     5.91392     1.00087
          18     5.97856     1.00519
          18     6.04319     1.00072
          18     6.10782     1.01406
          18     6.17246     1.02405
          18     6.23709     1.01097
          18     6.30172     1.01227
          18     6.36635      1.0447
          18     6.43099     1.08098
          19   0.0323165           0
          19   0.0969496           0
          19    0.161583           0
          19    0.226216           0
          19    0.290849           0
          19    0.355482           0
          19    0.420115           0
          19    0.484748           0
          19    0.549381           0
          19    0.614014           0
          19    0.678647           0
          19     0.74328           0
          19    0.807913           0
          19    0.872546           0
          19    0.937179     0.16867
          19     1.00181    0.853899
          19     1.06645      2.5573
          19     1.13108      2.3875
          19     1.19571      2.3405
          19     1.26034     2.30039
          19     1.32498     1.77893
          19     1.38961     1.60552
          19     1.45424     1.28706
          19     1.51888     1.27079
          19     1.58351     1.15009
          19     1.64814     1.14391
          19     1.71278     1.15403
          19     1.77741     1.18565
          19     1.84204      1.1832
          19     1.90667     1.13131
          19     1.97131     1.31942
          19     2.03594     1.22048
          19     2.10057     1.14034
          19     2.16521      1.2751
          19     2.22984      1.2394
          19     2.29447     1.16493
          19     2.35911     1.12369
          19     2.42374     1.08008
          19     2.48837       1.151
          19     2.55301     1.27641
          19     2.61764     1.09204
          19     2.68227     1.10089
          19      2.7469     1.18355
          19     2.81154     1.19207
          19     2.87617     1.11181
          19      2.9408     1.04898
          19     3.00544    0.986678
          19     3.07007     1.05975
          19      3.1347      1.0346
          19     3.19934     1.06895
          19     3.26397     1.08054
          19      3.3286     1.07335
          19     3.39323     1.03246
          19     3.45787      1.0602
          19      3.5225     1.09552
          19     3.58713    0.988179
          19     3.65177    0.968213
          19      3.7164    0.977915
          19     3.78103    0.945087
          19     3.84567    0.991441
          19      3.9103     1.06734
          19     3.97493    0.983275
          19     4.03957    0.952621
          19      4.1042    0.941804
          19     4.16883    0.928702
          19     4.23346    0.922697
          19      4.2981    0.942055
          19     4.36273    0.913871
          19     4.42736    0.904715
          19       4.492    0.900675
          19     4.55663    0.911873
          19     4.62126    0.939819
          19      4.6859    0.898081
          19     4.75053    0.954432
          19     4.81516    0.948945
          19     4.87979    0.961124
          19     4.94443    0.961156
          19     5.00906    0.953232
          19     5.07369    0.948144
          19     5.13833    0.948794
          19     5.20296    0.957541
          19     5.26759    0.969192
          19     5.33223    0.928919
          19     5.39686    0.968019
          19     5.46149    0.980863
          19     5.52612    0.990307
          19     5.59076     1.03472
          19     5.65539     1.02254
          19     5.72002     1.06333
          19     5.78466    0.971291
          19     5.84929     1.01712
          19     5.91392    0.987771
          19     5.97856     1.01258
          19     6.04319     1.02613
          19     6.10782     1.00972
          19     6.17246        1.09
          19     6.23709     1.02099
          19     6.30172    0.981841
          19     6.36635     1.02192
          19     6.43099    0.976065
          20   0.0323165           0
          20   0.0969496           0
          20    0.161583           0
          20    0.226216           0
          20    0.290849           0
          20    0.355482           0
          20    0.420115           0
          20    0.484748           0
          20    0.549381           0
          20    0.614014           0
          20    0.678647           0
          20     0.74328           0
          20    0.807913           0
          20    0.872546           0
          20    0.937179   0.0778477
          20     1.00181     1.04239
          20     1.06645     2.75572
          20     1.13108     2.47124
          20     1.19571     2.49356
          20     1.26034     2.13393
          20     1.32498     1.69193
          20     1.38961     1.44851
          20     1.45424     1.46708
          20     1.51888     1.51388
          20     1.58351     1.62649
          20     1.64814     1.29078
          20     1.71278     1.16957
          20     1.77741     1.13081
          20     1.84204     1.15565
          20     1.90667      1.3182
          20     1.97131     1.05249
          20     2.03594    0.991128
          20     2.10057    0.912478
          20     2.16521     1.10051
          20     2.22984     1.07662
          20     2.29447     1.12379
          20     2.35911      1.0438
          20     2.42374     1.23338
          20     2.48837     1.22906
          20     2.55301     1.13194
          20     2.61764     1.13164
          20     2.68227     1.08632
          20      2.7469     1.11587
          20     2.81154     1.15976
          20     2.87617      1.1289
          20      2.9408    0.998097
          20     3.00544     1.04448
          20     3.07007     1.01282
          20      3.1347     1.01812
          20     3.19934    0.995669
          20     3.26397    0.994722
          20      3.3286     1.03837
          20     3.39323     1.11642
          20     3.45787     1.08251
          20      3.5225    0.997579
          20     3.58713     1.01352
          20     3.65177    0.944277
          20      3.7164    0.926081
          20     3.78103     0.95673
          20     3.84567      0.9788
          20      3.9103     1.01709
          20     3.97493     1.07649
          20     4.03957      1.0644
          20      4.1042     1.07567
          20     4.16883     1.03903
          20     4.23346     1.03999
          20      4.2981     1.09892
          20     4.36273     1.03701
          20     4.42736     1.05302
          20       4.492     1.02327
          20     4.55663    0.934165
          20     4.62126    0.924979
          20      4.6859     1.02694
          20     4.75053    0.953523
          20     4.81516    0.958287
          20     4.87979    0.995977
          20     4.94443    0.965912
          20     5.00906     0.95714
          20     5.07369    0.989949
          20     5.13833    0.988949
          20     5.20296    0.910123
          20     5.26759    0.915782
          20     5.33223    0.981123
          20     5.39686    0.965514
          20     5.46149    0.931025
          20     5.52612    0.958576
          20     5.59076     1.01809
          20     5.65539    0.975281
          20     5.72002     1.00152
          20     5.78466    0.989143
          20     5.84929    0.953277
          20     5.91392    0.907651
          20     5.97856    0.968634
          20     6.04319    0.938224
          20     6.10782    0.965961
          20     6.17246    0.951223
          20     6.23709    0.925633
          20     6.30172    0.965765
          20     6.36635     0.94333
          20     6.43099    0.915257
