           1    0.031988    0.031988           0
           2     0.03632    0.034154  0.00153159
           3    0.024768   0.0310253  0.00275105
           4    0.025712    0.029697  0.00236231
           5    0.025492    0.028856  0.00203405
           6    0.040456   0.0307893  0.00244703
           7    0.026008   0.0301063  0.00219071
           8    0.026396   0.0296425  0.00196536
           9    0.029776   0.0296573  0.00174704
          10    0.040128   0.0307044  0.00185983
          11    0.034328   0.0310338  0.00171968
          12    0.028324    0.030808  0.00159113
          13      0.0148   0.0295766  0.00188596
          14     0.03854   0.0302169  0.00185675
          15    0.046176   0.0312808  0.00201486
          16    0.034168   0.0314613    0.001897
          17    0.025424   0.0311061  0.00181835
          18    0.018468    0.030404  0.00184792
          19    0.036072   0.0307023  0.00177457
          20    0.030516    0.030693  0.00168587
           1      0.0315      0.0315           0
           2    0.037104    0.034302  0.00198131
           3       0.024    0.030868   0.0030994
           4     0.02718    0.029946  0.00245786
           5    0.025688   0.0290944  0.00210867
           6    0.039868     0.03089  0.00240305
           7      0.0263   0.0302343  0.00214736
           8     0.02682   0.0298075  0.00192088
           9      0.0288   0.0296956  0.00171071
          10    0.039516   0.0306776  0.00179957
          11     0.03412   0.0309905  0.00166296
          12     0.02762   0.0307097  0.00154792
          13    0.013852   0.0294129  0.00189573
          14    0.038216   0.0300417  0.00186169
          15    0.045376    0.031064  0.00199864
          16    0.032668   0.0311642  0.00187624
          17    0.023788   0.0307304  0.00181535
          18     0.01746   0.0299931  0.00185818
          19    0.035432   0.0302794  0.00178229
          20    0.033256   0.0304282  0.00169938
