           1    0.169104    0.169104           0
           2    0.076692    0.122898   0.0326726
           3    0.174688    0.140161   0.0259447
           4    0.155556     0.14401   0.0197419
           5    0.185712     0.15235   0.0174667
           6    0.188296    0.158341   0.0155491
           7      0.1542     0.15775    0.013339
           8      0.1582    0.157806   0.0116718
           9    0.104376    0.151869   0.0117884
          10    0.143908    0.151073   0.0106364
          11    0.112364    0.147554   0.0102351
          12    0.183952    0.150587   0.0098213
          13    0.147348    0.150338  0.00906897
          14    0.126756    0.148654  0.00857619
          15    0.143952     0.14834  0.00801017
          16    0.144624    0.148108   0.0075129
          17    0.142068    0.147753  0.00707936
          18    0.076408    0.143789  0.00771627
          19    0.209112    0.147227  0.00803967
          20     0.16598    0.148165  0.00769217
           1    0.158596    0.158596           0
           2    0.076264     0.11743   0.0291088
           3    0.175568    0.136809   0.0250391
           4     0.15538    0.141452    0.019205
           5    0.185724    0.150306    0.017285
           6     0.18874    0.156712   0.0155458
           7    0.154556    0.156404   0.0133281
           8    0.158684    0.156689   0.0116651
           9    0.104168    0.150853   0.0117383
          10    0.144372    0.150205   0.0105823
          11    0.111992    0.146731   0.0101745
          12    0.183504    0.149796  0.00977724
          13     0.14826    0.149678  0.00902586
          14    0.127128    0.148067  0.00852365
          15    0.144944    0.147859  0.00795795
          16     0.14466    0.147659  0.00746309
          17    0.142104    0.147332  0.00703124
          18    0.075612    0.143348   0.0076871
          19     0.20888    0.146797  0.00801904
          20     0.16664    0.147789  0.00767923
