           1     5.53601     5.53601           0
           2     5.81925     5.67763    0.100142
           3     5.96441     5.77322     0.10271
           4     6.16762     5.87182    0.115002
           5     5.89537     5.87653   0.0920977
           6     5.08451     5.74453    0.142867
           7     5.14225     5.65849    0.146086
           8     5.80449     5.67674     0.12896
           9     5.66752     5.67571    0.114635
          10     5.59978     5.66812    0.103423
          11     4.99129     5.60659    0.110823
          12     5.56243     5.60291    0.101649
          13      5.3054     5.58003   0.0963715
          14     5.31208     5.56089   0.0913686
          15     6.04143     5.59292   0.0907201
          16      5.4159     5.58186   0.0857221
          17     5.21013     5.55999   0.0834219
          18     5.14392     5.53688   0.0819272
          19     5.44705     5.53215   0.0777516
          20     6.21225     5.56615   0.0809594
           1     5.50417     5.50417           0
           2     5.80709     5.65563    0.107097
           3     5.95563     5.75563    0.108463
           4     6.18342     5.86258     0.12327
           5     5.87373     5.86481   0.0986364
           6      5.0845     5.73476    0.144398
           7     5.17276     5.65447    0.144374
           8     5.82012     5.67518    0.127804
           9     5.66743     5.67432    0.113606
          10     5.59286     5.66617    0.102537
          11     4.99889     5.60551    0.109702
          12     5.54625     5.60057    0.100671
          13     5.30428     5.57778   0.0954724
          14     5.32541     5.55975   0.0903387
          15     6.05765     5.59295   0.0902084
          16     5.43656     5.58317   0.0850982
          17     5.21509     5.56152   0.0828011
          18     5.15616       5.539   0.0812058
          19     5.45829     5.53475   0.0770428
          20     6.21381      5.5687   0.0803246
