           1   -0.526712   -0.526712           0
           2    -0.52848   -0.527596 0.000625082
           3   -0.531672   -0.528955  0.00118503
           4   -0.524048   -0.527728  0.00138508
           5   -0.525552   -0.527293  0.00117445
           6   -0.529056   -0.527587  0.00101481
           7   -0.532504   -0.528289  0.00108609
           8   -0.529528   -0.528444 0.000961304
           9    -0.53076   -0.528701 0.000888268
          10    -0.52808   -0.528639 0.000801612
          11     -0.5288   -0.528654 0.000728871
          12   -0.528592   -0.528649  0.00066815
          13   -0.532848   -0.528972 0.000690438
          14   -0.529496   -0.529009 0.000642136
          15   -0.528832   -0.528997 0.000599435
          16   -0.528808   -0.528985 0.000562087
          17    -0.53084   -0.529095 0.000539505
          18   -0.530872   -0.529193 0.000518491
          19   -0.527336   -0.529096 0.000500332
          20   -0.527288   -0.529005 0.000483409
           1   -0.527416   -0.527416           0
           2    -0.52592   -0.526668 0.000528916
           3   -0.531672   -0.528336  0.00140682
           4   -0.524808   -0.527454  0.00130258
           5    -0.52448   -0.526859  0.00117001
           6   -0.528504   -0.527133  0.00100661
           7   -0.531728    -0.52779  0.00105533
           8   -0.528392   -0.527865 0.000926099
           9   -0.532616   -0.528393 0.000961956
          10   -0.528704   -0.528424 0.000866264
          11   -0.529968   -0.528564 0.000798803
          12   -0.528936   -0.528595 0.000732836
          13   -0.532432    -0.52889 0.000733488
          14   -0.529688   -0.528947 0.000683305
          15   -0.528488   -0.528917 0.000638437
          16   -0.528528   -0.528893 0.000598997
          17   -0.530608   -0.528993 0.000572199
          18    -0.53088   -0.529098 0.000549926
          19   -0.529064   -0.529096 0.000520985
          20   -0.528768    -0.52908 0.000495195
