           1     1.97143     1.97143           0
           2     1.80214     1.88679   0.0598528
           3     2.04199     1.93852   0.0581067
           4     1.86646      1.9205   0.0462887
           5     1.86509     1.90942   0.0383349
           6     1.87606     1.90386   0.0323464
           7     1.92328     1.90663   0.0278442
           8     1.90354     1.90625   0.0243664
           9     1.92091     1.90788   0.0217134
          10     1.86483     1.90357   0.0199641
          11     1.83931     1.89773   0.0189846
          12      1.9082      1.8986   0.0174226
          13     1.88289     1.89739   0.0161243
          14     1.84438     1.89361   0.0154109
          15     1.86793      1.8919   0.0144782
          16     2.03018     1.90054   0.0159456
          17     2.00723     1.90681   0.0161956
          18     1.97834     1.91079   0.0157758
          19     1.88988     1.90969   0.0149839
          20     1.92148     1.91028   0.0142463
           1     1.98566     1.98566           0
           2     1.80336     1.89451   0.0644515
           3     2.04852     1.94585   0.0600256
           4     1.86077     1.92458    0.048642
           5     1.86974     1.91361   0.0401312
           6     1.87677     1.90747    0.033909
           7     1.91957      1.9092   0.0291089
           8     1.88532     1.90621   0.0256229
           9     1.93351     1.90925   0.0229546
          10     1.87873     1.90619    0.020861
          11     1.84374     1.90052    0.019722
          12     1.91693     1.90188   0.0181259
          13     1.87517     1.89983   0.0168476
          14     1.84281     1.89576    0.016129
          15     1.86522     1.89372   0.0151816
          16     2.03729     1.90269   0.0166749
          17     1.99727     1.90826   0.0165961
          18     2.00124     1.91342   0.0164584
          19     1.88497     1.91193   0.0156601
          20     1.92611     1.91264   0.0148931
