           1    0.017884    0.017884           0
           2    0.014872    0.016378   0.0010649
           3     0.02856   0.0204387  0.00339068
           4    0.018248    0.019891  0.00258686
           5    0.032996    0.022512  0.00312706
           6    0.025468   0.0230047  0.00264441
           7    0.017152   0.0221686  0.00239517
           8    0.016784   0.0214955   0.0021883
           9    0.024796   0.0218622  0.00197564
          10    0.026168   0.0222928   0.0018244
          11    0.013296   0.0214749  0.00183273
          12    0.021232   0.0214547  0.00168011
          13      0.0295   0.0220735  0.00166095
          14    0.030408   0.0226689  0.00164554
          15    0.036244   0.0235739  0.00176727
          16    0.032036   0.0241028  0.00173415
          17    0.035972   0.0248009  0.00176711
          18    0.025364   0.0248322  0.00166921
          19    0.030168   0.0251131  0.00160481
          20    0.031948   0.0254548  0.00156053
           1     0.01972     0.01972           0
           2    0.015052    0.017386  0.00165039
           3    0.029572    0.021448  0.00349435
           4    0.018976     0.02083  0.00267485
           5     0.03234    0.023132  0.00296959
           6    0.024396   0.0233427  0.00248212
           7    0.017784   0.0225486  0.00225097
           8      0.0166    0.021805  0.00208881
           9     0.02408   0.0220578  0.00187195
          10    0.025844   0.0224364  0.00172262
          11      0.0136   0.0216331  0.00174329
          12    0.020664   0.0215523  0.00159988
          13    0.028168   0.0220612  0.00155565
          14    0.031312    0.022722  0.00157864
          15    0.035844   0.0235968  0.00169857
          16    0.030812   0.0240478  0.00165119
          17    0.034568   0.0246666  0.00166599
          18    0.025536   0.0247149  0.00157414
          19    0.031072   0.0250495  0.00152643
          20    0.031744   0.0253842  0.00148636
