           1      0.8346      0.8346           0
           2    0.674616    0.754608   0.0565629
           3    0.628804    0.712673   0.0509341
           4     0.50506     0.66077   0.0589894
           5    0.733636    0.675343   0.0489586
           6    0.659764    0.672747   0.0408676
           7    0.588112    0.660656   0.0367744
           8    0.618044     0.65533   0.0325611
           9    0.698916    0.660172   0.0293011
          10    0.750972    0.669252   0.0277422
          11     0.77884    0.679215   0.0269497
          12    0.597324    0.672391   0.0255533
          13    0.713308    0.675538   0.0237808
          14    0.694556    0.676897   0.0221209
          15    0.749028    0.681705   0.0211624
          16    0.819088    0.690292   0.0215112
          17     0.65292    0.688093   0.0203579
          18     0.63208    0.684982   0.0194633
          19     0.86102    0.694247   0.0205261
          20    0.561344    0.687602   0.0205473
           1    0.837224    0.837224           0
           2    0.674892    0.756058    0.057393
           3     0.62866    0.713592   0.0516355
           4       0.505    0.661444   0.0594921
           5     0.73372    0.675899   0.0493186
           6     0.65998    0.673246   0.0411701
           7    0.588332    0.661115   0.0370327
           8    0.617856    0.655708    0.032796
           9      0.6988    0.660496   0.0294994
          10    0.751152    0.669562   0.0279078
          11    0.779124    0.679522   0.0270898
          12    0.597272    0.672668   0.0256848
          13    0.713064    0.675775   0.0238963
          14     0.69436    0.677103   0.0222263
          15    0.748988    0.681895   0.0212549
          16    0.818836    0.690454    0.021581
          17    0.652936    0.688247    0.020424
          18    0.631884    0.685116   0.0195279
          19    0.861256    0.694386   0.0205834
          20    0.561464     0.68774   0.0205992
