           1    0.478637    0.478637           0
           2    0.454253    0.466445  0.00862114
           3    0.432312    0.455067   0.0109242
           4    0.449556     0.45369  0.00827956
           5     0.46281    0.455514  0.00682164
           6    0.423409    0.450163  0.00749501
           7    0.431527    0.447501   0.0068809
           8     0.43951    0.446502  0.00609285
           9    0.442187    0.446022   0.0054347
          10    0.455391    0.446959  0.00497133
          11    0.473605    0.449382  0.00507534
          12    0.428328    0.447627  0.00494636
          13    0.444322    0.447373   0.0045724
          14     0.43604    0.446563  0.00431686
          15    0.472435    0.448288  0.00436003
          16    0.452542    0.448554  0.00409563
          17    0.432316    0.447599  0.00396454
          18    0.436396    0.446976  0.00379282
          19    0.437147    0.446459  0.00362831
          20    0.423084     0.44529  0.00363027
           1    0.476037    0.476037           0
           2    0.456862     0.46645  0.00677918
           3    0.432093    0.454997   0.0103856
           4     0.45745    0.455611  0.00780725
           5    0.467917    0.458072  0.00662243
           6     0.42152     0.45198  0.00783468
           7    0.428656    0.448648  0.00739007
           8    0.441154    0.447711  0.00652542
           9    0.440497     0.44691   0.0058494
          10     0.45177    0.447396  0.00528461
          11    0.468214    0.449288   0.0051319
          12    0.423784    0.447163   0.0051255
          13    0.449693    0.447358  0.00473492
          14    0.442398    0.447003  0.00440994
          15    0.469486    0.448502  0.00436324
          16    0.452375    0.448744  0.00409725
          17      0.4322    0.447771  0.00397013
          18    0.447347    0.447748  0.00374964
          19    0.437665    0.447217  0.00358964
          20    0.428874      0.4463  0.00352537
