           1   -0.928944   -0.928944           0
           2   -0.932872   -0.930908  0.00138876
           3   -0.945944    -0.93592   0.0041957
           4   -0.942792   -0.937638  0.00348078
           5   -0.924704   -0.935051  0.00362041
           6   -0.933936   -0.934865  0.00302178
           7   -0.933128   -0.934617  0.00260027
           8    -0.94056    -0.93536  0.00237898
           9   -0.931216     -0.9349  0.00215875
          10   -0.944456   -0.935855  0.00214399
          11   -0.931256   -0.935437  0.00198943
          12   -0.943736   -0.936129  0.00194013
          13   -0.933296   -0.935911  0.00180308
          14   -0.921576   -0.934887  0.00194339
          15    -0.93092   -0.934622  0.00183174
          16   -0.936144   -0.934718  0.00171972
          17   -0.946488    -0.93541  0.00175241
          18   -0.939016    -0.93561  0.00166646
          19   -0.934744   -0.935565  0.00157938
          20   -0.930584   -0.935316  0.00151992
           1   -0.930016   -0.930016           0
           2   -0.932944    -0.93148   0.0010352
           3   -0.945784   -0.936248  0.00395375
           4   -0.942576    -0.93783  0.00326652
           5   -0.924776   -0.935219  0.00350456
           6    -0.93396   -0.935009  0.00292674
           7   -0.933064   -0.934731  0.00252179
           8   -0.940616   -0.935467  0.00231136
           9   -0.931144   -0.934987  0.00210386
          10   -0.944256   -0.935914  0.00208771
          11   -0.931272   -0.935492  0.00194009
          12   -0.943888   -0.936191  0.00190041
          13    -0.93324   -0.935964  0.00176773
          14   -0.921336   -0.934919  0.00192567
          15   -0.931136   -0.934667  0.00181373
          16   -0.936136   -0.934759   0.0017027
          17   -0.946464   -0.935448  0.00173618
          18   -0.938696   -0.935628  0.00164908
          19   -0.934848   -0.935587  0.00156279
          20   -0.930464   -0.935331   0.0015055
