           1      3.7888      3.7888           0
           2     3.57505     3.68192   0.0755734
           3     3.68757     3.68381   0.0504057
           4      3.3934      3.6112   0.0733641
           5     3.63914     3.61679   0.0589036
           6     3.56768     3.60861   0.0496518
           7     3.29207     3.56339   0.0596988
           8     3.65597     3.57496   0.0533464
           9     3.52247     3.56913   0.0477367
          10     3.73391     3.58561   0.0457189
          11     3.73114     3.59884   0.0434349
          12     3.24933     3.56971   0.0486094
          13     3.34374     3.55233   0.0478775
          14     3.72774     3.56486   0.0460678
          15      3.4491     3.55714   0.0436383
          16     3.62538     3.56141   0.0411188
          17     3.43278     3.55384     0.03939
          18     3.42157     3.54649   0.0378809
          19     3.41002     3.53931   0.0365618
          20     3.68713      3.5467   0.0354729
           1     3.82423     3.82423           0
           2     3.54948     3.68686   0.0971369
           3     3.69494     3.68955   0.0647953
           4     3.39355     3.61555   0.0804277
           5      3.6343      3.6193   0.0644295
           6     3.57076     3.61121   0.0541967
           7     3.30021     3.56678   0.0620478
           8     3.66233     3.57873   0.0554294
           9     3.50783     3.57085   0.0498272
          10     3.75446     3.58921   0.0481088
          11     3.73935     3.60286   0.0456304
          12     3.24384     3.57294   0.0506959
          13     3.34447     3.55537   0.0497492
          14     3.73033     3.56786   0.0477397
          15     3.45783     3.56053   0.0451171
          16     3.61127      3.5637   0.0424086
          17     3.41674     3.55505   0.0407855
          18     3.41105     3.54705   0.0392965
          19      3.4152     3.54011    0.037836
          20     3.68945     3.54758   0.0366736
