           1    0.035692    0.035692           0
           2    0.026356    0.031024  0.00330077
           3    0.022412   0.0281533  0.00321498
           4    0.039808    0.031067  0.00349015
           5     0.02708   0.0302696  0.00288177
           6    0.037204   0.0314253  0.00262301
           7     0.04168   0.0328903  0.00262571
           8    0.039996   0.0337785  0.00244311
           9    0.040208   0.0344929   0.0022737
          10    0.032284    0.034272  0.00205703
          11    0.030576    0.033936  0.00189727
          12    0.014508    0.032317  0.00232969
          13    0.016852   0.0311274  0.00243534
          14     0.03578   0.0314597  0.00228395
          15    0.037352   0.0318525   0.0021652
          16    0.036864   0.0321657  0.00205241
          17     0.03632   0.0324101  0.00194617
          18    0.045924   0.0331609  0.00197757
          19    0.026376   0.0328038  0.00190545
          20    0.035112   0.0329192  0.00181367
           1    0.037464    0.037464           0
           2    0.027452    0.032458  0.00353978
           3     0.02172   0.0288787  0.00375633
           4    0.040576    0.031803  0.00378823
           5    0.027192   0.0308808  0.00314083
           6    0.035304    0.031618  0.00270249
           7    0.042912   0.0332314  0.00275628
           8    0.038748    0.033921  0.00249651
           9    0.039536   0.0345449  0.00229575
          10    0.032836    0.034374  0.00207253
          11    0.031728   0.0341335  0.00189803
          12    0.013268   0.0323947  0.00240801
          13     0.01734   0.0312366   0.0024857
          14    0.036732   0.0316291  0.00233893
          15    0.037808   0.0320411  0.00221898
          16    0.036252   0.0323042  0.00209585
          17    0.036164   0.0325313  0.00198482
          18    0.045084   0.0332287   0.0019933
          19    0.025352   0.0328141  0.00193102
          20     0.03578   0.0329624  0.00184015
