           1    0.266876    0.266876           0
           2    0.268384     0.26763 0.000533072
           3    0.273334    0.269531  0.00159248
           4    0.267781    0.269094  0.00125305
           5    0.272568    0.269788  0.00117944
           6    0.268113    0.269509  0.00101538
           7    0.267661    0.269245 0.000904018
           8    0.266076    0.268849 0.000873491
           9     0.26824    0.268781 0.000779054
          10      0.2653    0.268433 0.000775033
          11    0.265972    0.268209  0.00073617
          12    0.270747    0.268421 0.000704537
          13    0.266163    0.268247 0.000671402
          14    0.273756    0.268641   0.0007297
          15    0.275091    0.269071 0.000797758
          16    0.277327    0.269587 0.000899421
          17     0.26927    0.269568 0.000846707
          18    0.277543    0.270011 0.000908229
          19    0.262917    0.269638  0.00093403
          20     0.26968     0.26964 0.000887331
           1     0.26736     0.26736           0
           2    0.272403    0.269881  0.00178291
           3    0.267559    0.269107  0.00134624
           4    0.266531    0.268463  0.00115351
           5      0.2693     0.26863 0.000934883
           6    0.272868    0.269337  0.00101129
           7    0.273969    0.269998  0.00106147
           8    0.269598    0.269948 0.000929966
           9    0.263972    0.269284  0.00103692
          10    0.264057    0.268762  0.00105683
          11    0.270055    0.268879 0.000967274
          12    0.266052    0.268644 0.000914909
          13    0.270475    0.268784 0.000855309
          14    0.273605    0.269129 0.000860749
          15    0.275887    0.269579 0.000913699
          16    0.272172    0.269741 0.000870843
          17     0.27221    0.269887 0.000831635
          18    0.278945     0.27039 0.000925251
          19     0.26351    0.270028 0.000944752
          20    0.271537    0.270103 0.000900523
