           1   -0.972872   -0.972872           0
           2   -0.968368    -0.97062   0.0015924
           3   -0.980512   -0.973917  0.00289401
           4    -0.97456   -0.974078  0.00217496
           5   -0.975232   -0.974309  0.00175217
           6   -0.962424   -0.972328  0.00232415
           7   -0.981224   -0.973599  0.00231364
           8   -0.973664   -0.973607  0.00202445
           9   -0.972152   -0.973445  0.00180595
          10   -0.970936   -0.973194   0.0016427
          11   -0.972928    -0.97317  0.00149354
          12      -0.971   -0.972989  0.00137998
          13    -0.97964   -0.973501  0.00136537
          14    -0.98004   -0.973968  0.00134537
          15    -0.96052   -0.973071  0.00152542
          16   -0.974176   -0.973141  0.00143164
          17    -0.97736   -0.973389  0.00136877
          18   -0.975816   -0.973524  0.00129936
          19   -0.975104   -0.973607  0.00123363
          20   -0.969296   -0.973391  0.00119063
           1   -0.974312   -0.974312           0
           2    -0.96844   -0.971376  0.00207607
           3    -0.98052   -0.974424  0.00284765
           4    -0.97448   -0.974438  0.00213577
           5   -0.975336   -0.974618  0.00171615
           6   -0.962392    -0.97258   0.0023463
           7   -0.981232   -0.973816  0.00231388
           8   -0.973672   -0.973798  0.00202471
           9   -0.972192    -0.97362  0.00180759
          10    -0.97092    -0.97335  0.00164687
          11   -0.972992   -0.973317  0.00149747
          12   -0.971016   -0.973125  0.00138491
          13   -0.979616   -0.973625  0.00136541
          14   -0.980056   -0.974084  0.00134294
          15   -0.960504   -0.973179  0.00152841
          16     -0.9742   -0.973243  0.00143421
          17   -0.977408   -0.973488  0.00137062
          18   -0.975728   -0.973612  0.00130011
          19   -0.975088    -0.97369    0.001234
          20   -0.969312   -0.973471  0.00119156
