           1   -0.553216   -0.553216           0
           2    -0.55416   -0.553688 0.000333754
           3   -0.554984    -0.55412 0.000417041
           4   -0.552688   -0.553762 0.000440403
           5   -0.551288   -0.553267 0.000565679
           6   -0.559216   -0.554259  0.00102048
           7   -0.558184   -0.554819  0.00101717
           8   -0.557752   -0.555186 0.000953792
           9    -0.55672   -0.555356  0.00086291
          10   -0.554816   -0.555302  0.00077831
          11   -0.553488   -0.555137 0.000724822
          12      -0.554   -0.555043 0.000670589
          13   -0.558224   -0.555287 0.000662154
          14   -0.557808   -0.555467 0.000638866
          15   -0.553664   -0.555347 0.000607483
          16   -0.555344   -0.555347 0.000569515
          17   -0.555736    -0.55537 0.000536474
          18    -0.55588   -0.555398 0.000507418
          19   -0.553088   -0.555277 0.000495065
          20   -0.552344    -0.55513 0.000491548
           1   -0.553344   -0.553344           0
           2   -0.552504   -0.552924 0.000296985
           3   -0.554984   -0.553611 0.000594593
           4   -0.553328    -0.55354 0.000450124
           5     -0.5504   -0.552912 0.000667217
           6   -0.558296   -0.553809 0.000990029
           7   -0.557408   -0.554323 0.000972961
           8   -0.557712   -0.554747 0.000939025
           9    -0.55836   -0.555148 0.000916492
          10   -0.554848   -0.555118 0.000825335
          11   -0.555096   -0.555116 0.000750307
          12   -0.553608   -0.554991 0.000698231
          13    -0.55804   -0.555225 0.000682785
          14   -0.558112   -0.555431 0.000664421
          15   -0.553352   -0.555293 0.000634423
          16   -0.555184   -0.555286 0.000594808
          17    -0.55688    -0.55538 0.000567162
          18   -0.556048   -0.555417 0.000536866
          19   -0.554504   -0.555369 0.000510756
          20   -0.553352   -0.555268 0.000495073
