           1     1.53727     1.53727           0
           2     1.51245     1.52486  0.00877557
           3     1.46716     1.50563    0.016758
           4     1.44522     1.49053   0.0181394
           5     1.52048     1.49652   0.0154693
           6     1.48051     1.49385   0.0131192
           7     1.46579     1.48984   0.0118417
           8     1.53326     1.49527   0.0115385
           9     1.49685     1.49544   0.0102578
          10     1.48269     1.49417  0.00931095
          11     1.45295     1.49042  0.00918763
          12     1.48646     1.49009  0.00842791
          13       1.573     1.49647  0.00990307
          14     1.52168     1.49827  0.00935803
          15     1.56786     1.50291  0.00981711
          16     1.50571     1.50308   0.0092051
          17     1.56004     1.50643  0.00925325
          18     1.55251     1.50899  0.00908635
          19     1.56403     1.51189  0.00905801
          20     1.54226     1.51341  0.00873148
           1      1.5463      1.5463           0
           2     1.49514     1.52072    0.018087
           3     1.44987      1.4971   0.0227418
           4     1.45227     1.48589   0.0196256
           5       1.524     1.49352   0.0171166
           6      1.4898      1.4929   0.0142751
           7     1.47465     1.49029   0.0124714
           8     1.52767     1.49496   0.0117551
           9     1.50944     1.49657   0.0105586
          10       1.489     1.49581  0.00952982
          11     1.46419     1.49294   0.0090868
          12      1.4792     1.49179  0.00840143
          13     1.55984     1.49703  0.00924317
          14     1.52185      1.4988  0.00875131
          15     1.54945     1.50218  0.00879516
          16     1.52098     1.50335  0.00832357
          17     1.56106     1.50675  0.00849801
          18     1.55298     1.50932  0.00840504
          19      1.5414       1.511  0.00813051
          20     1.52956     1.51193  0.00777673
