           1    0.197961    0.197961           0
           2    0.190242    0.194101  0.00272908
           3    0.198513    0.195572  0.00217995
           4    0.197796    0.196128  0.00170441
           5    0.197906    0.196483  0.00140013
           6    0.192146    0.195761  0.00134044
           7    0.194054    0.195517  0.00117091
           8    0.194325    0.195368  0.00103398
           9    0.194384    0.195259 0.000924852
          10    0.194219    0.195155 0.000838195
          11    0.200553    0.195645 0.000894188
          12     0.19947    0.195964 0.000874633
          13    0.194967    0.195887  0.00081071
          14    0.195498     0.19586 0.000753278
          15    0.198208    0.196016 0.000719146
          16    0.196307    0.196034 0.000674429
          17    0.194943     0.19597 0.000637803
          18    0.201981    0.196304  0.00068422
          19    0.201118    0.196557 0.000693535
          20    0.196867    0.196573  0.00065903
           1    0.199799    0.199799           0
           2    0.192083    0.195941  0.00272781
           3    0.194475    0.195452  0.00186179
           4    0.198075    0.196108  0.00150739
           5    0.197604    0.196407  0.00123526
           6    0.191593    0.195605  0.00126339
           7    0.194686    0.195474  0.00108971
           8    0.192831    0.195143  0.00100231
           9    0.196824     0.19533  0.00090818
          10    0.195062    0.195303 0.000817756
          11    0.199851    0.195717 0.000841451
          12    0.203745    0.196386   0.0010026
          13    0.194003    0.196202 0.000942082
          14    0.198073    0.196336 0.000884212
          15    0.198563    0.196485 0.000837641
          16     0.19711    0.196524 0.000786199
          17     0.20263    0.196883 0.000817896
          18    0.201182    0.197122 0.000806577
          19    0.196552    0.197092 0.000764681
          20    0.198047    0.197139 0.000727938
