           1     0.04624     0.04624           0
           2     0.05158     0.04891  0.00188798
           3    0.037456    0.045092  0.00336189
           4     0.04652    0.045449   0.0025403
           5    0.060352   0.0484296  0.00335219
           6    0.048732     0.04848  0.00279387
           7    0.053524   0.0492006  0.00248593
           8    0.037648   0.0477565  0.00256049
           9    0.021024   0.0447862  0.00360866
          10    0.045084    0.044816  0.00324792
          11    0.068024   0.0469258  0.00357279
          12    0.044804    0.046749  0.00327943
          13    0.038416    0.046108  0.00308917
          14    0.037328   0.0454809  0.00293149
          15    0.038884   0.0450411  0.00276885
          16    0.043812   0.0449643  0.00259686
          17    0.032248   0.0442162  0.00254956
          18    0.037152   0.0438238  0.00243794
          19    0.039252   0.0435832  0.00232147
          20    0.021436   0.0424758  0.00245534
           1     0.04662     0.04662           0
           2      0.0496     0.04811  0.00105359
           3       0.037   0.0444067  0.00310427
           4      0.0471     0.04508  0.00240011
           5    0.059844   0.0480328  0.00326527
           6    0.048532    0.048116  0.00272212
           7    0.052536   0.0487474  0.00240536
           8    0.038316   0.0474435  0.00243258
           9    0.020172   0.0444133   0.0035829
          10     0.04438     0.04441  0.00322461
          11    0.069004   0.0466458  0.00362463
          12    0.043888    0.046416  0.00332986
          13    0.037344   0.0457182  0.00314599
          14    0.037212   0.0451106  0.00297937
          15    0.037468   0.0446011  0.00282397
          16    0.042836   0.0444908  0.00264963
          17    0.033044   0.0438174   0.0025779
          18     0.03642   0.0434064  0.00246723
          19    0.039892   0.0432215   0.0023443
          20    0.022884   0.0422046  0.00243767
