           1    0.395918    0.395918           0
           2    0.347979    0.371949    0.016949
           3    0.269644    0.337847   0.0300493
           4    0.308577     0.33053    0.023411
           5    0.300733     0.32457   0.0194725
           6    0.417641    0.340082   0.0215367
           7    0.273428     0.33056    0.020457
           8    0.310051    0.327996   0.0180598
           9     0.34013    0.329345   0.0161034
          10    0.362129    0.332623    0.014823
          11    0.342125    0.333487   0.0135006
          12    0.399992    0.339029   0.0134651
          13    0.266406    0.333443   0.0135387
          14    0.290368    0.330366   0.0129165
          15    0.364746    0.332658   0.0122571
          16    0.352512    0.333899   0.0115537
          17    0.316814    0.332894   0.0109176
          18    0.322707    0.332328   0.0103258
          19    0.329158    0.332161  0.00978366
          20    0.348541     0.33298  0.00932869
           1    0.358905    0.358905           0
           2    0.346457    0.352681  0.00440105
           3     0.26881    0.324724   0.0230147
           4    0.309298    0.320868   0.0175812
           5    0.300097    0.316714   0.0145474
           6    0.418952    0.333753   0.0197211
           7    0.273616    0.325162   0.0186815
           8    0.311287    0.323428   0.0164267
           9    0.341983     0.32549   0.0147303
          10    0.363479    0.329289   0.0137384
          11    0.340514    0.330309   0.0125273
          12    0.400178    0.336131   0.0127649
          13    0.267619    0.330861   0.0128249
          14    0.290495    0.327978   0.0122286
          15    0.366541    0.330549   0.0116805
          16    0.352888    0.331945   0.0110336
          17    0.316224     0.33102   0.0104232
          18    0.324286    0.330646  0.00985088
          19    0.328486    0.330532  0.00933307
          20    0.348225    0.331417  0.00890825
