           1   -0.805576   -0.805576           0
           2   -0.801336   -0.803456  0.00149907
           3   -0.806504   -0.804472  0.00129882
           4   -0.805488   -0.804726 0.000998641
           5   -0.803128   -0.804406 0.000848514
           6   -0.802544   -0.804096 0.000761757
           7   -0.805912   -0.804355  0.00069571
           8   -0.806448   -0.804617 0.000656078
           9   -0.802304    -0.80436 0.000631514
          10   -0.804064    -0.80433 0.000569056
          11   -0.800496   -0.803982 0.000614888
          12    -0.80964   -0.804453 0.000722148
          13    -0.80324    -0.80436 0.000672602
          14   -0.802616   -0.804235  0.00063599
          15     -0.7988   -0.803873 0.000689132
          16   -0.806064    -0.80401 0.000659525
          17     -0.8102   -0.804374 0.000714205
          18   -0.804352   -0.804373 0.000674528
          19   -0.801224   -0.804207 0.000659072
          20   -0.807696   -0.804382 0.000648793
           1   -0.804856   -0.804856           0
           2   -0.801712   -0.803284  0.00111157
           3   -0.806256   -0.804275  0.00109701
           4    -0.80476   -0.804396 0.000829441
           5   -0.802368    -0.80399 0.000756248
           6   -0.801704   -0.803609 0.000719841
           7   -0.806448   -0.804015 0.000722256
           8   -0.806448   -0.804319 0.000693059
           9   -0.802128   -0.804076  0.00065742
          10   -0.804176   -0.804086 0.000591755
          11   -0.800864   -0.803793 0.000606116
          12   -0.809792   -0.804293 0.000733355
          13   -0.802704    -0.80417  0.00068705
          14     -0.8022    -0.80403 0.000652232
          15    -0.79888   -0.803686 0.000693241
          16    -0.80588   -0.803824 0.000663332
          17   -0.810768   -0.804232 0.000739474
          18   -0.803832    -0.80421 0.000698726
          19   -0.800976    -0.80404 0.000682365
          20   -0.808264   -0.804251 0.000680153
