           1     6.82773     6.82773           0
           2     6.85176     6.83974   0.0084966
           3     7.51962     7.06637    0.185124
           4     7.60459     7.20092    0.181263
           5     8.31432      7.4236    0.246368
           6     7.65566     7.46228     0.20832
           7     7.48552      7.4656    0.178586
           8      8.2775     7.56709     0.18284
           9     6.94656     7.49814    0.175042
          10     6.73798     7.42212     0.17326
          11     7.34485      7.4151    0.157651
          12     6.74018     7.35885     0.15422
          13     7.65496     7.38163    0.144029
          14      7.6628     7.40172    0.135134
          15      7.2794     7.39356    0.126371
          16     7.56002     7.40396      0.1189
          17     7.70956     7.42194    0.113257
          18      7.2678     7.41338    0.107288
          19     7.69543     7.42822    0.102663
          20      8.5631     7.48497     0.11212
           1     6.92403     6.92403           0
           2     6.86152     6.89278   0.0221013
           3     7.52434      7.1033    0.172519
           4     7.63598     7.23647    0.173327
           5     8.29738     7.44865     0.23504
           6     7.64055     7.48063    0.198031
           7     7.46094     7.47782    0.169761
           8     8.28018     7.57811    0.175687
           9      6.9815     7.51182    0.168208
          10     6.73033     7.43367    0.168567
          11     7.38946     7.42965    0.153291
          12     6.73423      7.3717    0.151074
          13     7.65775     7.39371    0.141046
          14     7.63737     7.41111    0.132041
          15     7.30502     7.40404    0.123428
          16     7.58525     7.41536    0.116232
          17     7.73282     7.43404    0.110885
          18     7.31412     7.42738    0.104924
          19     7.69442     7.44143    0.100339
          20     8.55661     7.49719    0.109726
