           1   -0.505296   -0.505296           0
           2   -0.504616   -0.504956 0.000240416
           3   -0.506432   -0.505448  0.00043251
           4      -0.501   -0.504336  0.00101619
           5   -0.502864   -0.504042  0.00085453
           6   -0.507368   -0.504596 0.000873631
           7   -0.506168   -0.504821 0.000777154
           8   -0.505864   -0.504951 0.000690868
           9    -0.50816   -0.505308 0.000700094
          10    -0.50516   -0.505293  0.00063024
          11   -0.506456   -0.505399 0.000581749
          12    -0.50308   -0.505205 0.000564444
          13   -0.505432   -0.505223 0.000521294
          14   -0.506584    -0.50532 0.000493043
          15   -0.504192   -0.505245 0.000465873
          16   -0.504368    -0.50519 0.000439967
          17   -0.504008    -0.50512 0.000419545
          18    -0.50716   -0.505234 0.000411253
          19    -0.50244   -0.505087 0.000415063
          20   -0.502336   -0.504949 0.000416474
           1   -0.505632   -0.505632           0
           2    -0.50344   -0.504536 0.000774989
           3    -0.50584   -0.504971 0.000626812
           4   -0.501656   -0.504142 0.000857915
           5    -0.50176   -0.503666 0.000807848
           6   -0.507224   -0.504259 0.000863894
           7   -0.507016   -0.504653 0.000825413
           8    -0.50612   -0.504836 0.000742338
           9   -0.509464    -0.50535 0.000818813
          10   -0.503896   -0.505205 0.000749734
          11   -0.507336   -0.505399 0.000706166
          12    -0.50244   -0.505152 0.000689015
          13   -0.505664   -0.505191 0.000637138
          14   -0.506872   -0.505311 0.000602831
          15   -0.503152   -0.505167 0.000579577
          16   -0.503808   -0.505082 0.000549547
          17   -0.502456   -0.504928 0.000538501
          18   -0.506704   -0.505027 0.000517544
          19   -0.503704   -0.504957 0.000494965
          20   -0.503608    -0.50489  0.00047479
