           1    0.367722    0.367722           0
           2    0.381065    0.374394  0.00471741
           3    0.362564     0.37045  0.00450076
           4    0.362244    0.368399   0.0038146
           5    0.385915    0.371902  0.00437386
           6    0.372769    0.372047  0.00364727
           7    0.358998    0.370182  0.00357098
           8    0.375316    0.370824  0.00318174
           9      0.3718    0.370933  0.00283006
          10    0.379194    0.371759   0.0026649
          11    0.366087    0.371243  0.00247201
          12    0.371843    0.371293  0.00226651
          13    0.376102    0.371663  0.00212213
          14    0.367311    0.371352  0.00199319
          15    0.364464    0.370893  0.00191248
          16    0.359051    0.370153  0.00193086
          17    0.354334    0.369222  0.00202914
          18    0.372044    0.369379  0.00192246
          19    0.355199    0.368633  0.00196079
          20    0.374992    0.368951  0.00188836
           1    0.368117    0.368117           0
           2    0.380139    0.374128  0.00425076
           3     0.36556    0.371272  0.00366987
           4    0.365155    0.369743  0.00305445
           5    0.395506    0.374896  0.00521644
           6    0.376616    0.375182  0.00435491
           7    0.359885    0.372997  0.00424584
           8    0.373866    0.373106   0.0037165
           9    0.366829    0.372408  0.00336835
          10    0.373145    0.372482  0.00303232
          11    0.362911    0.371612  0.00287878
          12    0.361607    0.370778  0.00275696
          13    0.376928    0.371251  0.00258515
          14    0.374636    0.371493  0.00241177
          15    0.369069    0.371331  0.00225639
          16    0.360676    0.370665  0.00221147
          17     0.35951    0.370009  0.00217656
          18    0.379337    0.370527  0.00211643
          19    0.356891     0.36981  0.00212325
          20    0.373531    0.369996  0.00202522
