           1    0.393784    0.393784           0
           2    0.387648    0.390716   0.0021695
           3    0.388103    0.389845  0.00161173
           4    0.404238    0.393443  0.00334234
           5    0.399052    0.394565   0.0028559
           6    0.382426    0.392542  0.00301245
           7    0.380465    0.390817  0.00303621
           8    0.399158    0.391859  0.00283006
           9    0.393342    0.392024   0.0025204
          10    0.402106    0.393032  0.00246175
          11    0.408186     0.39441  0.00259493
          12    0.405214     0.39531  0.00253006
          13    0.400065    0.395676  0.00236174
          14    0.395529    0.395665  0.00219306
          15    0.401372    0.396046  0.00207959
          16    0.400749     0.39634  0.00197028
          17    0.384196    0.395626  0.00197964
          18    0.396363    0.395666  0.00187008
          19    0.398945    0.395839   0.0017796
          20    0.412716    0.396683  0.00188008
           1    0.402393    0.402393           0
           2    0.382832    0.392612  0.00691606
           3    0.390372    0.391866  0.00465084
           4    0.400906    0.394126  0.00399971
           5    0.408338    0.396968  0.00408683
           6    0.387184    0.395338  0.00371682
           7    0.377492    0.392788  0.00396492
           8     0.40165    0.393896  0.00362075
           9    0.392197    0.393707  0.00322336
          10    0.398357    0.394172  0.00293436
          11    0.401759    0.394862  0.00274746
          12    0.398926      0.3952  0.00253929
          13    0.404174    0.395891  0.00243597
          14    0.400703    0.396234   0.0022861
          15     0.40575    0.396869  0.00221997
          16    0.402299    0.397208    0.002107
          17    0.388469    0.396694  0.00204481
          18    0.398174    0.396776  0.00193286
          19    0.401617    0.397031  0.00184785
          20    0.404638    0.397411  0.00179417
