           1     0.42089     0.42089           0
           2    0.473966    0.447428   0.0187652
           3    0.377893    0.424249    0.022686
           4    0.436562    0.427327   0.0172221
           5     0.41506    0.424874   0.0139513
           6    0.408226    0.422099   0.0118988
           7    0.463797    0.428056   0.0115945
           8    0.420401    0.427099   0.0101846
           9    0.410439    0.425248   0.0092197
          10    0.428487    0.425572  0.00830342
          11    0.427114    0.425712  0.00754974
          12     0.42975    0.426049  0.00692809
          13    0.434113    0.426669  0.00642288
          14    0.373611    0.422879  0.00699341
          15    0.458016    0.425222  0.00690836
          16     0.36149    0.421238  0.00753793
          17    0.400598    0.420024  0.00719164
          18    0.441599    0.421223  0.00689126
          19    0.420741    0.421197  0.00652861
          20    0.377419    0.419009  0.00655887
           1    0.411844    0.411844           0
           2    0.474507    0.443176   0.0221547
           3    0.376731    0.421028    0.023349
           4    0.436945    0.425007   0.0178476
           5    0.412743    0.422554   0.0144457
           6    0.407866    0.420106   0.0122437
           7    0.464741    0.426483    0.012041
           8    0.418214    0.425449   0.0105802
           9    0.412174    0.423974  0.00950684
          10     0.42904    0.424481  0.00856965
          11    0.426353    0.424651  0.00779228
          12    0.427234    0.424866  0.00714589
          13    0.434586    0.425614  0.00663521
          14    0.374952    0.421995  0.00707961
          15     0.45851    0.424429  0.00701367
          16    0.364815    0.420703  0.00749996
          17    0.402463    0.419631  0.00713512
          18    0.445586    0.421073  0.00688289
          19    0.419336    0.420981  0.00652124
          20    0.376259    0.418745  0.00656737
