           1     1.97756     1.97756           0
           2     2.13756     2.05756    0.056565
           3     2.15758      2.0909   0.0465081
           4     2.17152     2.11106   0.0390053
           5     2.05217     2.09928   0.0329342
           6     2.26619      2.1271   0.0373916
           7     2.24459     2.14388   0.0356189
           8     2.31432     2.16519   0.0369933
           9     2.16336     2.16498   0.0328835
          10     2.17008     2.16549   0.0295991
          11     2.11211     2.16064   0.0273033
          12     2.10466     2.15598   0.0254234
          13     2.29033     2.16631    0.025482
          14     2.31108     2.17665   0.0256744
          15     2.17589      2.1766   0.0239629
          16     2.30494     2.18462   0.0237698
          17     2.29032     2.19084   0.0231704
          18     2.15056      2.1886    0.021991
          19     2.18266     2.18829   0.0208358
          20      2.3022     2.19398   0.0205578
           1     1.98923     1.98923           0
           2     2.14156      2.0654    0.053855
           3     2.14796     2.09292   0.0423547
           4     2.19321     2.11799    0.038479
           5     2.05714     2.10582   0.0326508
           6     2.27233     2.13357   0.0371773
           7     2.23995     2.14877   0.0348339
           8     2.29372     2.16689   0.0348749
           9     2.15538     2.16561   0.0310234
          10     2.17157     2.16621   0.0279268
          11     2.12269     2.16225   0.0256666
          12      2.1024     2.15726   0.0240075
          13     2.30179     2.16838   0.0246006
          14     2.31393     2.17878   0.0249437
          15     2.18688     2.17932   0.0232866
          16      2.3047     2.18715   0.0231122
          17     2.31244     2.19452   0.0228974
          18      2.1503     2.19207   0.0217567
          19     2.18703      2.1918   0.0206133
          20     2.31131     2.19778   0.0204303
