           1     1.74416     1.74416           0
           2     1.60435     1.67426   0.0494315
           3     1.73691     1.69514   0.0371042
           4     1.65105     1.68412     0.02942
           5     1.67876     1.68305   0.0235555
           6     1.73876     1.69233   0.0213819
           7     1.65604     1.68715   0.0189456
           8     1.60398     1.67675   0.0192193
           9     1.70505      1.6799   0.0173392
          10     1.67563     1.67947   0.0156105
          11     1.70616      1.6819   0.0143787
          12     1.65343     1.67952   0.0133747
          13     1.58083     1.67193   0.0143397
          14     1.68317     1.67273   0.0133379
          15     1.68767     1.67373   0.0124858
          16     1.71393     1.67624   0.0119556
          17     1.68977     1.67704   0.0112788
          18     1.63663     1.67479   0.0108733
          19     1.72351     1.67736    0.010599
          20      1.7108     1.67903   0.0102001
           1     1.72108     1.72108           0
           2     1.60673      1.6639   0.0404292
           3     1.74772     1.69184   0.0353112
           4     1.64847       1.681    0.028099
           5     1.67459     1.67972   0.0225084
           6     1.74471     1.69055   0.0212039
           7     1.65725     1.68579   0.0187007
           8     1.60245     1.67538    0.019045
           9     1.70562     1.67874   0.0172228
          10     1.66863     1.67773   0.0155301
          11     1.71135     1.68078    0.014416
          12     1.65725     1.67882   0.0133473
          13     1.56131     1.66978    0.015074
          14     1.69552     1.67162    0.014109
          15     1.67767     1.67202   0.0131742
          16     1.71647      1.6748   0.0126402
          17      1.7022     1.67641    0.011999
          18     1.62675     1.67365   0.0116452
          19     1.71953     1.67607   0.0112798
          20     1.70378     1.67745   0.0108006
