           1   -0.462456   -0.462456           0
           2   -0.462008   -0.462232 0.000158392
           3    -0.46176   -0.462075 0.000166291
           4   -0.458872   -0.461274 0.000704525
           5   -0.462368   -0.461493 0.000596629
           6   -0.464248   -0.461952 0.000650322
           7   -0.463936   -0.462235 0.000616094
           8   -0.463192   -0.462355 0.000550563
           9   -0.463528   -0.462485 0.000504581
          10   -0.461536    -0.46239 0.000462967
          11   -0.463432   -0.462485 0.000430454
          12      -0.462   -0.462445 0.000396476
          13   -0.465224   -0.462658 0.000419681
          14   -0.463016   -0.462684  0.00039048
          15     -0.4608   -0.462558 0.000384117
          16   -0.461624     -0.4625 0.000364522
          17    -0.46284    -0.46252 0.000343628
          18   -0.462104   -0.462497 0.000325314
          19     -0.4644   -0.462597 0.000323245
          20    -0.46064   -0.462499 0.000321552
           1   -0.461632   -0.461632           0
           2   -0.461008    -0.46132 0.000220617
           3   -0.460624   -0.461088 0.000239822
           4   -0.460264   -0.460882 0.000253336
           5   -0.461488   -0.461003 0.000229839
           6   -0.465536   -0.461759 0.000715746
           7   -0.462688   -0.461891 0.000625689
           8    -0.46284    -0.46201   0.0005586
           9   -0.465056   -0.462348 0.000590222
          10    -0.46088   -0.462202 0.000549163
          11    -0.46464   -0.462423 0.000542136
          12   -0.460768   -0.462285 0.000514207
          13   -0.466432   -0.462604  0.00056499
          14    -0.46324    -0.46265 0.000526455
          15   -0.460216   -0.462487 0.000515754
          16   -0.462304   -0.462476 0.000483647
          17   -0.462232   -0.462462  0.00045541
          18   -0.463176   -0.462501 0.000431835
          19   -0.465056   -0.462636 0.000429529
          20   -0.461408   -0.462574 0.000412416
