           1     0.27596     0.27596           0
           2    0.317164    0.296562   0.0145678
           3    0.321472    0.304865   0.0118442
           4     0.29182    0.301604  0.00932132
           5    0.299216    0.301126  0.00746928
           6     0.24294    0.291429    0.010822
           7    0.245808    0.284911   0.0110657
           8     0.34176    0.292017   0.0117446
           9    0.301552    0.293077   0.0104873
          10    0.236396    0.287409   0.0108628
          11    0.269296    0.285762  0.00999932
          12    0.185336    0.277393   0.0121745
          13    0.247304    0.275079   0.0114559
          14    0.248264    0.273163   0.0107965
          15     0.30894    0.275549   0.0103368
          16     0.19434    0.270473   0.0108657
          17      0.3099    0.272792   0.0104711
          18    0.306124    0.274644   0.0100518
          19      0.2856    0.275221  0.00953925
          20    0.315304    0.277225  0.00927044
           1    0.285296    0.285296           0
           2    0.317412    0.301354   0.0113547
           3    0.321184    0.307964  0.00929678
           4     0.29206    0.303988  0.00777646
           5    0.298932    0.302977  0.00628657
           6     0.24298    0.292977   0.0105247
           7    0.246344    0.286315   0.0109281
           8    0.341088    0.293162   0.0115086
           9    0.301116    0.294046   0.0102638
          10    0.235644    0.288206   0.0107716
          11    0.269512    0.286506  0.00992549
          12    0.185388     0.27808   0.0121601
          13    0.246884     0.27568   0.0114591
          14    0.247992    0.273702   0.0108099
          15    0.308256    0.276006   0.0103318
          16     0.19368    0.270861   0.0108922
          17    0.310408    0.273187   0.0104969
          18      0.3059    0.275004   0.0100699
          19      0.2856    0.275562  0.00955531
          20     0.31434    0.277501  0.00927217
