           1    0.231804    0.231804           0
           2    0.225177    0.228491  0.00234295
           3    0.233959    0.230314  0.00215748
           4    0.233767    0.231177  0.00178253
           5     0.22737    0.230416  0.00158032
           6    0.222476    0.229092  0.00178705
           7    0.224613    0.228452  0.00164233
           8    0.227919    0.228386   0.0014384
           9    0.229442    0.228503  0.00128335
          10    0.230527    0.228705  0.00117087
          11     0.23149    0.228959  0.00109146
          12    0.228777    0.228943  0.00100061
          13    0.231145    0.229113 0.000937853
          14    0.226704    0.228941 0.000886507
          15    0.226642    0.228787 0.000840543
          16    0.232496    0.229019 0.000819338
          17    0.227095    0.228906 0.000778919
          18     0.23073    0.229007 0.000742206
          19    0.230827    0.229103 0.000709292
          20    0.236726    0.229484  0.00076944
           1    0.230236    0.230236           0
           2    0.224548    0.227392  0.00201108
           3    0.227918    0.227568  0.00134833
           4    0.233493    0.229049  0.00163361
           5    0.231784    0.229596  0.00139548
           6    0.226923    0.229151  0.00123197
           7    0.228164     0.22901  0.00106401
           8    0.225778    0.228606  0.00100478
           9    0.227689    0.228504 0.000898284
          10    0.224571    0.228111 0.000890407
          11    0.227105    0.228019 0.000814137
          12    0.228654    0.228072 0.000748008
          13    0.230764    0.228279 0.000718565
          14    0.224432    0.228004 0.000717868
          15    0.232499    0.228304 0.000729862
          16    0.231391    0.228497 0.000709291
          17    0.229176    0.228537 0.000668692
          18    0.229094    0.228568 0.000632259
          19    0.231072      0.2287 0.000612569
          20    0.231202    0.228825 0.000594577
