           1     3.13081     3.13081           0
           2     2.85489     2.99285   0.0975525
           3      3.0398      3.0085   0.0662783
           4     3.00696     3.00812   0.0497099
           5     2.91779     2.99005   0.0429252
           6     2.76473      2.9525   0.0495456
           7     3.00221      2.9596   0.0429735
           8     2.93264     2.95623   0.0377337
           9     3.15543     2.97836   0.0395029
          10     3.02328     2.98285   0.0358071
          11     2.94642     2.97954   0.0327047
          12     2.97382     2.97907   0.0299828
          13     2.97587     2.97882   0.0276774
          14     3.16503     2.99212   0.0287191
          15     2.92533     2.98767   0.0271475
          16      3.1103     2.99533   0.0265106
          17     2.95803     2.99314   0.0250418
          18     3.00437     2.99376   0.0236584
          19     2.97495     2.99277   0.0224339
          20     2.90171     2.98822   0.0217694
           1     3.12451     3.12451           0
           2     2.82549       2.975    0.105721
           3     3.04363     2.99788    0.072914
           4     3.00323     2.99921   0.0546978
           5     2.93571     2.98651   0.0452086
           6     2.76835     2.95015   0.0502104
           7     2.99939     2.95719   0.0435274
           8     2.92339     2.95296   0.0382909
           9     3.12944     2.97257    0.038733
          10     3.03762     2.97908   0.0354017
          11     2.96018     2.97736    0.032225
          12     2.96154     2.97604   0.0295666
          13     2.98096     2.97642   0.0272946
          14     3.19358     2.99193   0.0294244
          15     2.91252     2.98664    0.027935
          16     3.11877      2.9949   0.0273824
          17     2.98722     2.99444   0.0257754
          18     2.99673     2.99457   0.0243438
          19     2.98589     2.99411   0.0230668
          20     2.90683     2.98975   0.0223225
