           1    0.321923    0.321923           0
           2    0.323199    0.322561  0.00045114
           3    0.321302    0.322142 0.000455903
           4    0.310423    0.319212  0.00256009
           5     0.32061    0.319492  0.00206329
           6    0.303707    0.316861  0.00295368
           7    0.314049    0.316459  0.00255889
           8    0.315746     0.31637  0.00224058
           9    0.322292    0.317028  0.00208601
          10     0.31774    0.317099  0.00187862
          11    0.318677    0.317243   0.0017133
          12    0.321509    0.317598  0.00160699
          13    0.325596    0.318213  0.00159681
          14    0.325245    0.318716  0.00155975
          15    0.302929    0.317663  0.00177567
          16     0.32158    0.317908  0.00168147
          17    0.310238    0.317457  0.00164198
          18    0.318588     0.31752  0.00155196
          19    0.318521    0.317572  0.00147117
          20    0.318762    0.317632  0.00139882
           1    0.322443    0.322443           0
           2    0.324388    0.323416 0.000687647
           3    0.315653    0.320828  0.00216205
           4    0.311882    0.318592    0.002526
           5    0.327389    0.320351  0.00256131
           6    0.307328    0.318181  0.00291234
           7     0.31437    0.317636  0.00254665
           8    0.317363    0.317602  0.00222855
           9    0.318048    0.317652  0.00198148
          10    0.319728    0.317859  0.00179418
          11    0.314519    0.317556  0.00165657
          12    0.317088    0.317517  0.00151898
          13    0.326858    0.318235  0.00156287
          14    0.332276    0.319238  0.00174359
          15    0.308612     0.31853  0.00176542
          16    0.317297    0.318453  0.00165676
          17    0.313214    0.318145  0.00158771
          18    0.321056    0.318306  0.00150772
          19    0.323673    0.318589  0.00145458
          20     0.31655    0.318487  0.00138542
