           1     0.05686     0.05686           0
           2    0.046408    0.051634  0.00369534
           3    0.062104    0.055124  0.00376685
           4    0.050932    0.054076  0.00296735
           5    0.067848   0.0568304  0.00342121
           6    0.073568     0.05962  0.00382271
           7     0.05124   0.0584229  0.00345899
           8    0.060812   0.0587215  0.00303948
           9    0.080052   0.0610916  0.00350607
          10    0.058608   0.0608432  0.00316425
          11     0.06194   0.0609429  0.00287816
          12    0.070176   0.0617123  0.00273923
          13    0.074048   0.0626612  0.00268785
          14    0.061156   0.0625537  0.00249801
          15    0.062072   0.0625216  0.00233169
          16    0.057236   0.0621912  0.00220923
          17    0.054936   0.0617645   0.0021201
          18    0.051344   0.0611856  0.00207985
          19    0.040388   0.0600909  0.00223999
          20    0.053404   0.0597566  0.00215279
           1     0.05474     0.05474           0
           2    0.046908    0.050824  0.00276903
           3    0.062872     0.05484  0.00376297
           4    0.050744    0.053816  0.00295828
           5    0.067744   0.0566016  0.00343636
           6     0.07464    0.059608  0.00396641
           7    0.050788    0.058348  0.00359434
           8    0.061528   0.0587455  0.00316696
           9    0.079716   0.0610756  0.00357079
          10    0.056976   0.0606656  0.00323716
          11      0.0617   0.0607596  0.00294424
          12    0.069252   0.0614673  0.00278264
          13     0.07368   0.0624068  0.00272255
          14    0.061612     0.06235  0.00252868
          15    0.060764   0.0622443  0.00236231
          16    0.057196   0.0619288  0.00223564
          17    0.055396   0.0615445   0.0021369
          18    0.050876   0.0609518  0.00209877
          19    0.040184   0.0598587  0.00225504
          20    0.053836   0.0595576  0.00216231
