           1    0.033448    0.033448           0
           2    0.049004    0.041226  0.00549988
           3    0.045548   0.0426667  0.00385065
           4    0.041088    0.042272  0.00290814
           5    0.052016   0.0442208  0.00290705
           6    0.039448   0.0434253  0.00252903
           7    0.056188   0.0452486  0.00274744
           8    0.043188    0.044991  0.00241605
           9    0.040352   0.0444756   0.0022019
          10     0.01408    0.041436  0.00349888
          11     0.04492   0.0417527  0.00319511
          12    0.013428   0.0393923  0.00369937
          13    0.033692   0.0389538  0.00344069
          14    0.033788   0.0385849  0.00321465
          15    0.044088   0.0389517   0.0030212
          16    0.044064   0.0392713  0.00284922
          17     0.02476   0.0384176  0.00280658
          18    0.054092   0.0392884  0.00278247
          19    0.031088   0.0388568  0.00266929
          20    0.035672   0.0386976  0.00254057
           1     0.03806     0.03806           0
           2    0.049712    0.043886   0.0041196
           3    0.045312   0.0443613  0.00277369
           4     0.04074    0.043456  0.00222311
           5    0.052096    0.045184  0.00235623
           6    0.039404   0.0442207  0.00215146
           7    0.056356   0.0459543  0.00244475
           8    0.044052   0.0457165  0.00215069
           9    0.041512   0.0452493  0.00196181
          10    0.013872   0.0421116  0.00346096
          11     0.04544   0.0424142  0.00315953
          12    0.013824   0.0400317  0.00368667
          13    0.032872   0.0394809  0.00344397
          14    0.034176    0.039102  0.00321875
          15    0.043608   0.0394024  0.00301815
          16    0.043648   0.0396677  0.00284116
          17    0.024044   0.0387487  0.00281876
          18    0.053956   0.0395936   0.0027859
          19    0.031568   0.0391712   0.0026711
          20    0.036328    0.039029  0.00254133
