           1     0.47737     0.47737           0
           2    0.443465    0.460417   0.0119871
           3    0.398692    0.439842   0.0186033
           4    0.438398    0.439481    0.013956
           5    0.435149    0.438615   0.0111916
           6    0.412756    0.434305   0.0101222
           7    0.470336    0.439452  0.00989881
           8    0.427419    0.437948    0.008775
           9    0.453993    0.439731  0.00797905
          10    0.460018     0.44176  0.00743456
          11    0.435896    0.441227  0.00677778
          12    0.426777    0.440022  0.00631902
          13    0.438977    0.439942  0.00583345
          14    0.428062    0.439093  0.00547815
          15    0.439299    0.439107  0.00511296
          16    0.422421    0.438064   0.0048986
          17    0.421114    0.437067  0.00471083
          18    0.428342    0.436582  0.00447398
          19    0.434001    0.436447  0.00424057
          20    0.452877    0.437268  0.00410735
           1    0.483917    0.483917           0
           2    0.438259    0.461088   0.0161428
           3     0.40434    0.442172   0.0188245
           4     0.44273    0.442311   0.0141189
           5    0.443624    0.442574   0.0112976
           6    0.414715    0.437931   0.0103248
           7    0.462816    0.441486  0.00944207
           8    0.428525    0.439866  0.00839966
           9    0.454911    0.441537  0.00763089
          10     0.46004    0.443388  0.00708856
          11    0.442344    0.443293  0.00644478
          12    0.427938    0.442013   0.0060334
          13    0.445889    0.442311  0.00557666
          14    0.435612    0.441833  0.00519881
          15    0.439073    0.441649  0.00485548
          16    0.425323    0.440628    0.004658
          17    0.422433    0.439558  0.00450529
          18    0.435479    0.439331  0.00426069
          19    0.433245    0.439011  0.00404847
          20    0.452397     0.43968  0.00390098
