           1   -0.720128   -0.720128           0
           2   -0.719816   -0.719972 0.000110309
           3   -0.723824   -0.721256  0.00105096
           4   -0.721328   -0.721274 0.000788372
           5   -0.716176   -0.720254   0.0011088
           6    -0.72404   -0.720885  0.00108881
           7   -0.718968   -0.720611 0.000967107
           8   -0.724144   -0.721053 0.000941646
           9   -0.718672   -0.720788 0.000873392
          10   -0.715664   -0.720276 0.000924239
          11   -0.714848   -0.719783 0.000962978
          12   -0.721088   -0.719891 0.000888854
          13   -0.717664    -0.71972  0.00083683
          14   -0.720216   -0.719755 0.000777806
          15   -0.718584   -0.719677 0.000729863
          16   -0.719336   -0.719656 0.000684558
          17   -0.716552   -0.719473 0.000668197
          18   -0.718296   -0.719408 0.000634268
          19   -0.716712   -0.719266 0.000616553
          20   -0.723216   -0.719464 0.000616546
           1   -0.720568   -0.720568           0
           2   -0.719664   -0.720116 0.000319612
           3    -0.72416   -0.721464  0.00112107
           4   -0.721744   -0.721534 0.000842987
           5   -0.716272   -0.720482  0.00115795
           6   -0.724048   -0.721076  0.00110705
           7   -0.719752   -0.720887 0.000964924
           8   -0.724568   -0.721347 0.000947693
           9   -0.718856    -0.72107 0.000881885
          10   -0.715536   -0.720517 0.000951632
          11    -0.71604    -0.72011 0.000948161
          12    -0.72152   -0.720227 0.000876399
          13   -0.717096   -0.719986 0.000841434
          14   -0.719488   -0.719951 0.000782085
          15   -0.718112   -0.719828 0.000739491
          16   -0.719776   -0.719825  0.00069328
          17   -0.717344   -0.719679 0.000667683
          18   -0.718856   -0.719633 0.000632154
          19   -0.717488    -0.71952 0.000608883
          20   -0.723888   -0.719739 0.000616357
