           1   -0.583032   -0.583032           0
           2   -0.581544   -0.582288 0.000526087
           3   -0.583976   -0.582851 0.000577988
           4    -0.57864   -0.581798  0.00100945
           5   -0.581568   -0.581752  0.00080861
           6    -0.58744     -0.5827  0.00109681
           7     -0.5854   -0.583086  0.00100566
           8    -0.58352    -0.58314 0.000881414
           9   -0.584392   -0.583279 0.000794381
          10      -0.581   -0.583051 0.000746922
          11   -0.582664   -0.583016 0.000679849
          12   -0.582616   -0.582983 0.000624011
          13    -0.58284   -0.582972 0.000576107
          14   -0.582792   -0.582959 0.000535099
          15   -0.581472    -0.58286 0.000508524
          16   -0.584736   -0.582977 0.000490076
          17   -0.582624   -0.582956 0.000461688
          18   -0.582024   -0.582904 0.000438934
          19    -0.58276   -0.582897 0.000415898
          20    -0.57904   -0.582704 0.000437533
           1   -0.582232   -0.582232           0
           2   -0.580832   -0.581532 0.000494975
           3   -0.584104   -0.582389 0.000773888
           4   -0.579944   -0.581778 0.000785607
           5    -0.58132   -0.581686 0.000633804
           6   -0.587248   -0.582613 0.000997481
           7   -0.585584   -0.583038  0.00094094
           8   -0.583024   -0.583036 0.000823324
           9   -0.585432   -0.583302 0.000773689
          10   -0.581368   -0.583109 0.000720092
          11   -0.583632   -0.583156 0.000656198
          12   -0.582856   -0.583131 0.000601992
          13   -0.583144   -0.583132 0.000555686
          14   -0.582544    -0.58309  0.00051758
          15   -0.580272   -0.582902 0.000516051
          16    -0.58432   -0.582991 0.000491345
          17   -0.583088   -0.582997 0.000462476
          18   -0.581992   -0.582941 0.000440138
          19    -0.58336   -0.582963 0.000417525
          20   -0.580808   -0.582855 0.000410316
