           1    0.166412    0.166412           0
           2    0.172424    0.169418  0.00212556
           3    0.228364    0.189067   0.0161055
           4    0.198688    0.191472   0.0122574
           5    0.249324    0.203042   0.0142568
           6    0.204656    0.203311   0.0118832
           7    0.284264    0.214876   0.0147778
           8    0.176264     0.21005   0.0136961
           9    0.242676    0.213675   0.0126449
          10    0.180576    0.210365   0.0118057
          11    0.157504    0.205559   0.0116696
          12    0.231196    0.207696   0.0108909
          13     0.20262    0.207305   0.0100601
          14    0.121032    0.201143   0.0110692
          15    0.222684    0.202579    0.010424
          16    0.132832     0.19822    0.010645
          17    0.199192    0.198277    0.010019
          18    0.154544    0.195847  0.00975253
          19    0.207476    0.196459  0.00925842
          20    0.198456    0.196559  0.00879604
           1    0.166416    0.166416           0
           2    0.172316    0.169366  0.00208597
           3    0.228408    0.189047   0.0161293
           4    0.198428    0.191392   0.0122663
           5    0.249908    0.203095   0.0143481
           6    0.204372    0.203308   0.0119583
           7    0.284156    0.214858   0.0148122
           8    0.176092    0.210012   0.0137304
           9    0.242568    0.213629   0.0126724
          10    0.180668    0.210333    0.011826
          11    0.157232    0.205506   0.0116948
          12    0.231576    0.207678   0.0109201
          13     0.20244    0.207275   0.0100876
          14     0.12066    0.201089   0.0111033
          15    0.222408     0.20251   0.0104537
          16    0.132448    0.198131   0.0106781
          17     0.19912    0.198189   0.0100502
          18    0.154548    0.195765  0.00977989
          19     0.20736    0.196375  0.00928418
          20    0.198268     0.19647  0.00882045
