           1    0.289552    0.289552           0
           2    0.297028     0.29329  0.00264308
           3    0.298408    0.294996   0.0022461
           4    0.285598    0.292646  0.00264156
           5     0.29965    0.294047  0.00245673
           6    0.286798    0.292839  0.00232544
           7    0.292351    0.292769  0.00199428
           8    0.290299    0.292461  0.00176874
           9    0.285445    0.291681   0.0017355
          10    0.294328    0.291946  0.00158201
          11    0.291234    0.291881  0.00143951
          12    0.300555    0.292604  0.00149003
          13    0.292137    0.292568  0.00137585
          14    0.304787    0.293441  0.00152955
          15    0.294053    0.293482  0.00142812
          16    0.295509    0.293608  0.00134447
          17    0.290393    0.293419  0.00127862
          18    0.303703     0.29399  0.00132911
          19    0.281438     0.29333  0.00141385
          20    0.293967    0.293362  0.00134352
           1    0.286773    0.286773           0
           2    0.302762    0.294767  0.00565284
           3    0.291786    0.293773  0.00385493
           4     0.28923    0.292638  0.00305394
           5    0.301821    0.294474  0.00294409
           6    0.287202    0.293262  0.00269133
           7    0.300249     0.29426  0.00248507
           8    0.286488    0.293289   0.0023567
           9    0.286882    0.292577  0.00219973
          10    0.291592    0.292479  0.00198196
          11    0.288077    0.292078  0.00184174
          12    0.293913    0.292231  0.00169459
          13    0.291485    0.292174  0.00156521
          14    0.306061    0.293166  0.00173954
          15    0.295451    0.293318  0.00163023
          16    0.291809    0.293224  0.00153107
          17    0.296805    0.293434  0.00145542
          18    0.304132    0.294029  0.00149098
          19    0.285801    0.293596  0.00147406
          20    0.296128    0.293722  0.00140578
