           1    0.935052    0.935052           0
           2    0.871384    0.903218     0.02251
           3    0.936756    0.914397   0.0175647
           4    0.957816    0.925252   0.0161836
           5    0.982524    0.936706   0.0165101
           6     0.80546    0.914832   0.0242495
           7    0.798884    0.898268   0.0258302
           8    0.927152    0.901879   0.0228523
           9    0.941512    0.906282   0.0207332
          10    0.918208    0.907475   0.0186941
          11    0.955396    0.911831   0.0174949
          12    0.781236    0.900948   0.0191247
          13    0.597104    0.877576   0.0285641
          14    0.944388    0.882348   0.0269195
          15    0.849696    0.880171   0.0252127
          16    0.892436    0.880938   0.0236486
          17    0.867352    0.880139    0.022271
          18      0.7703    0.874036   0.0218537
          19    0.968912     0.87903   0.0212663
          20    0.922784    0.881218   0.0203152
           1     0.93712     0.93712           0
           2    0.871388    0.904254   0.0232398
           3      0.9368    0.915103   0.0178466
           4    0.957864    0.925793   0.0162748
           5    0.982636    0.937162   0.0165201
           6    0.805556    0.915227   0.0242992
           7    0.798732    0.898585   0.0259074
           8    0.927112    0.902151   0.0229131
           9    0.941492    0.906522     0.02078
          10      0.9181     0.90768   0.0187342
          11    0.955472    0.912025   0.0175277
          12    0.781128    0.901117    0.019163
          13    0.596756    0.877704   0.0286159
          14    0.944256    0.882458   0.0269639
          15      0.8496    0.880267   0.0252551
          16    0.892324    0.881021   0.0236879
          17    0.867208    0.880208   0.0223084
          18    0.770316    0.874103   0.0218885
          19     0.96906    0.879101   0.0212994
          20    0.922972    0.881295   0.0203471
