           1    0.434811    0.434811           0
           2    0.410612    0.422711  0.00855577
           3    0.400219    0.415214  0.00836715
           4    0.428608    0.418562  0.00691302
           5    0.451253      0.4251  0.00804885
           6    0.420353    0.424309  0.00674616
           7    0.418128    0.423426  0.00583993
           8    0.440661     0.42558  0.00549296
           9    0.432329     0.42633  0.00493355
          10    0.435104    0.427208  0.00451753
          11    0.412219    0.425845  0.00430745
          12    0.404119    0.424035  0.00431224
          13    0.402002     0.42234   0.0043007
          14    0.428607    0.422787  0.00401673
          15    0.422839    0.422791  0.00374895
          16    0.407909    0.421861  0.00362819
          17    0.418591    0.421668  0.00341986
          18    0.420807    0.421621   0.0032302
          19    0.430825    0.422105   0.0030963
          20    0.441123    0.423056  0.00308405
           1    0.433231    0.433231           0
           2    0.414811    0.424021  0.00651243
           3    0.404432    0.417491  0.00687553
           4    0.435351    0.421956  0.00644533
           5    0.451552    0.427875  0.00739025
           6      0.4243     0.42728  0.00618252
           7    0.418106    0.425969  0.00543642
           8    0.440724    0.427813  0.00506008
           9    0.426418    0.427658  0.00450022
          10    0.437854    0.428678   0.0041641
          11    0.417274    0.427641  0.00391247
          12    0.400735    0.425399  0.00417984
          13    0.402664     0.42365  0.00420831
          14    0.425698    0.423796  0.00391026
          15    0.426104     0.42395   0.0036526
          16    0.403244    0.422656  0.00364637
          17    0.416709    0.422306  0.00344862
          18    0.420489    0.422205  0.00325851
          19     0.42501    0.422353  0.00309035
          20    0.429479    0.422709   0.0029563
