           1   -0.681264   -0.681264           0
           2   -0.680208   -0.680736 0.000373352
           3    -0.68628   -0.682584  0.00152928
           4   -0.680072   -0.681956  0.00126937
           5   -0.680728    -0.68171  0.00103898
           6   -0.684032   -0.682097 0.000935098
           7   -0.681808   -0.682056 0.000802426
           8   -0.682232   -0.682078 0.000702424
           9   -0.684232   -0.682317 0.000663899
          10   -0.679568   -0.682042 0.000651956
          11   -0.681616   -0.682004 0.000593839
          12   -0.683208   -0.682104 0.000552768
          13   -0.685392   -0.682357 0.000565157
          14   -0.683488   -0.682438 0.000530532
          15   -0.683312   -0.682496 0.000498354
          16   -0.679328   -0.682298 0.000505011
          17   -0.682112   -0.682287 0.000475423
          18   -0.680128   -0.682167 0.000463895
          19   -0.680144   -0.682061 0.000451535
          20   -0.680472   -0.681981 0.000435889
           1   -0.681328   -0.681328           0
           2    -0.67932   -0.680324 0.000709935
           3   -0.686288   -0.682312  0.00169079
           4   -0.680112   -0.681762   0.0013546
           5   -0.679632   -0.681336  0.00114871
           6   -0.683776   -0.681743  0.00102672
           7   -0.682144     -0.6818 0.000881647
           8    -0.68212    -0.68184 0.000772348
           9   -0.684432   -0.682128 0.000738278
          10   -0.678504   -0.681766 0.000748127
          11     -0.6824   -0.681823 0.000682335
          12   -0.683064   -0.681927 0.000633259
          13     -0.6852   -0.682178 0.000632628
          14    -0.68324   -0.682254 0.000591967
          15   -0.682872   -0.682295 0.000553933
          16   -0.679384   -0.682114 0.000548386
          17   -0.681968   -0.682105 0.000516195
          18   -0.680728   -0.682028 0.000493153
          19    -0.68076   -0.681962 0.000471695
          20   -0.681408   -0.681934 0.000448922
