           1    -0.75968    -0.75968           0
           2   -0.762816   -0.761248  0.00110874
           3   -0.761424   -0.761307 0.000740713
           4     -0.7616    -0.76138 0.000559153
           5   -0.761848   -0.761474 0.000455089
           6   -0.763392   -0.761793 0.000478555
           7   -0.762192    -0.76185 0.000413565
           8   -0.763696   -0.762081 0.000421337
           9   -0.757928    -0.76162 0.000574054
          10    -0.76004   -0.761462 0.000537942
          11   -0.758184   -0.761164  0.00056557
          12    -0.76184    -0.76122  0.00052124
          13   -0.763872   -0.761424 0.000519533
          14   -0.762888   -0.761529 0.000492836
          15   -0.758552    -0.76133 0.000498331
          16   -0.764144   -0.761506 0.000497251
          17   -0.761392   -0.761499 0.000468046
          18   -0.761072   -0.761476 0.000442645
          19   -0.761912   -0.761499 0.000419943
          20   -0.764448   -0.761646 0.000424051
           1   -0.759416   -0.759416           0
           2   -0.762672   -0.761044  0.00115117
           3   -0.760976   -0.761021  0.00076767
           4   -0.761656    -0.76118 0.000591922
           5    -0.76196   -0.761336 0.000493667
           6   -0.762608   -0.761548 0.000454636
           7   -0.762424   -0.761673 0.000406547
           8   -0.763136   -0.761856 0.000394715
           9   -0.757816   -0.761407 0.000549739
          10   -0.760184   -0.761285  0.00050819
          11   -0.759128   -0.761089 0.000498382
          12   -0.761608   -0.761132 0.000458725
          13   -0.763176   -0.761289 0.000449578
          14    -0.76252   -0.761377 0.000425974
          15   -0.757848   -0.761142 0.000457964
          16    -0.76372   -0.761303  0.00045681
          17    -0.76224   -0.761358 0.000433251
          18    -0.76132   -0.761356 0.000409186
          19   -0.761864   -0.761383 0.000388523
          20   -0.765232   -0.761575 0.000414032
