           1   -0.614248   -0.614248           0
           2    -0.60816   -0.611204  0.00215243
           3   -0.613296   -0.611901  0.00154379
           4   -0.610232   -0.611484  0.00121294
           5   -0.612096   -0.611606 0.000976507
           6   -0.617232   -0.612544  0.00118101
           7   -0.615336   -0.612943  0.00107754
           8   -0.615128   -0.613216 0.000976854
           9    -0.61428   -0.613334 0.000875439
          10    -0.61104   -0.613105 0.000817405
          11   -0.614512   -0.613233 0.000753039
          12   -0.613232   -0.613233 0.000690286
          13   -0.615824   -0.613432 0.000665345
          14   -0.615152   -0.613555 0.000629061
          15   -0.613448   -0.613548 0.000587164
          16   -0.612856   -0.613505 0.000552056
          17   -0.611536   -0.613389 0.000531587
          18   -0.615336   -0.613497 0.000512945
          19   -0.611936   -0.613415 0.000492482
          20    -0.61292    -0.61339 0.000468479
           1   -0.614296   -0.614296           0
           2   -0.607928   -0.611112  0.00225143
           3   -0.613512   -0.611912  0.00163693
           4   -0.611432   -0.611792  0.00123208
           5   -0.612064   -0.611846 0.000986868
           6   -0.616592   -0.612637  0.00109437
           7   -0.615488   -0.613045  0.00101096
           8    -0.61396   -0.613159 0.000891046
           9     -0.6154   -0.613408   0.0008261
          10   -0.610752   -0.613142 0.000785026
          11   -0.615088   -0.613319 0.000733315
          12   -0.612608    -0.61326 0.000674597
          13    -0.61488   -0.613385  0.00063411
          14   -0.614904   -0.613493 0.000598031
          15   -0.612688   -0.613439 0.000560566
          16   -0.612688   -0.613393 0.000527495
          17   -0.611584   -0.613286  0.00050708
          18   -0.614888   -0.613375 0.000486655
          19   -0.613624   -0.613388 0.000461218
          20    -0.61384   -0.613411  0.00043871
