           1     39.8843     39.8843           0
           2     46.6496     43.2669     2.39191
           3     51.2112      45.915     2.68657
           4     50.7531     47.1245     2.27093
           5     37.1382     45.1273     2.54791
           6     43.8612     44.9163     2.13198
           7     43.8255     44.7604     1.83309
           8     50.0931      45.427     1.72089
           9     41.6251     45.0046     1.58068
          10     53.4081     45.8449     1.63076
          11     40.9566     45.4005     1.54187
          12     50.0864      45.791     1.46199
          13     43.1266     45.5861     1.36382
          14     32.4577     44.6483     1.55574
          15      41.922     44.4666     1.46261
          16      43.335     44.3958      1.3729
          17     51.9281     44.8389     1.36176
          18     47.6125      44.993      1.2948
          19      42.834     44.8794     1.23163
          20     38.5562     44.5632     1.20995
           1     40.4524     40.4524           0
           2     46.6865     43.5694     2.20409
           3     51.1762      46.105     2.53874
           4     50.7459     47.2652     2.15291
           5     37.1511     45.2424     2.49798
           6     43.8491     45.0102     2.09241
           7     43.8368     44.8426      1.8002
           8     50.0603     45.4948      1.6892
           9     41.6243     45.0647     1.55529
          10     53.4148     45.8997     1.60837
          11       40.96     45.4507     1.52356
          12     50.1148     45.8393     1.44532
          13     43.1124     45.6296     1.34928
          14     32.4366     44.6872     1.54737
          15     41.9406     44.5041     1.45501
          16      43.328     44.4306     1.36593
          17     51.9715     44.8742     1.35569
          18      47.607      45.026     1.28885
          19     42.8446     44.9112     1.22612
          20     38.5817     44.5947     1.20496
