           1     29.2382     29.2382           0
           2     23.1232     26.1807     2.16201
           3     23.8279     25.3964     1.57718
           4     25.8185     25.5019     1.18641
           5     20.4109     24.4837     1.31539
           6     25.6395     24.6764     1.11017
           7     22.6392     24.3853    0.988986
           8     22.8416     24.1924    0.883988
           9     25.8263     24.3739    0.804195
          10     25.2769     24.4642    0.728827
          11     21.8031     24.2223    0.701571
          12     27.2216     24.4722    0.686185
          13     30.7872      24.958    0.786777
          14     22.8573      24.808     0.74475
          15     26.7896     24.9401     0.70672
          16     21.7829     24.7427    0.689548
          17      21.654      24.561    0.672498
          18      26.948     24.6936    0.648079
          19     25.1547     24.7179    0.614424
          20     27.1233     24.8382    0.595357
           1     30.6293     30.6293           0
           2     23.1181     26.8737     2.65561
           3     23.7948     25.8474      1.9587
           4     25.8257      25.842     1.46904
           5     20.4157     24.7567     1.52426
           6      25.651     24.9058     1.27748
           7     22.6159     24.5787      1.1361
           8     22.8154     24.3583     1.01524
           9     25.7859     24.5169    0.914744
          10     25.2639     24.5916    0.826314
          11     21.8038     24.3381    0.789102
          12     27.2378     24.5798     0.75944
          13     30.7605     25.0552    0.836712
          14     22.8594     24.8984    0.791511
          15     26.7968     25.0249    0.748794
          16      21.802     24.8235    0.728584
          17     21.6981     24.6397    0.708542
          18     26.9467     24.7678    0.680672
          19     25.1379     24.7873    0.645126
          20      27.161      24.906    0.623691
