           1    0.069196    0.069196           0
           2    0.074204      0.0717   0.0017706
           3    0.066608   0.0700027  0.00182043
           4    0.049764    0.064943  0.00458958
           5    0.100028     0.07196   0.0072713
           6    0.098576    0.076396    0.007288
           7    0.051268   0.0728063   0.0070759
           8     0.05706    0.070838  0.00645937
           9     0.05786    0.069396  0.00590043
          10    0.067564   0.0692128  0.00531323
          11    0.076056   0.0698349  0.00486649
          12    0.106392   0.0728813  0.00532986
          13    0.085348   0.0738403   0.0050054
          14    0.059168   0.0727923  0.00475632
          15     0.05752   0.0717741   0.0045469
          16    0.065124   0.0713585  0.00428167
          17    0.082176   0.0719948  0.00407682
          18      0.0788   0.0723729  0.00386782
          19    0.094824   0.0735545  0.00384051
          20    0.060264     0.07289  0.00370553
           1    0.069296    0.069296           0
           2    0.074292    0.071794  0.00176635
           3    0.066632   0.0700733  0.00183316
           4     0.04954     0.06494  0.00465334
           5    0.099868   0.0719256  0.00727305
           6    0.098908   0.0764227  0.00732033
           7     0.05062   0.0727366  0.00714258
           8    0.056968   0.0707655  0.00651605
           9    0.056996   0.0692356  0.00596896
          10    0.066396   0.0689516  0.00537881
          11    0.076288   0.0696185    0.004931
          12    0.106536    0.072695  0.00539509
          13    0.085024   0.0736434  0.00506276
          14    0.058856   0.0725871  0.00481005
          15    0.057084   0.0715536  0.00459908
          16    0.064244   0.0710968  0.00433427
          17     0.08294   0.0717934  0.00413492
          18    0.077516   0.0721113  0.00391741
          19    0.095292   0.0733314  0.00389658
          20    0.060792   0.0727044  0.00375185
