           1   -0.849968   -0.849968           0
           2   -0.846296   -0.848132  0.00129825
           3   -0.850112   -0.848792  0.00101955
           4   -0.850488   -0.849216 0.000848259
           5   -0.849184    -0.84921 0.000678632
           6    -0.84908   -0.849188  0.00056587
           7   -0.848408   -0.849077 0.000495881
           8    -0.85156   -0.849387 0.000522098
           9   -0.851064   -0.849573 0.000496225
          10   -0.842904   -0.848906  0.00077445
          11   -0.841104   -0.848197 0.000976249
          12    -0.84896   -0.848261 0.000896963
          13      -0.849   -0.848318 0.000829766
          14   -0.847968   -0.848293 0.000770873
          15    -0.83956    -0.84771 0.000913226
          16   -0.853744   -0.848087 0.000930757
          17    -0.84904   -0.848144 0.000877691
          18   -0.847248   -0.848094  0.00083034
          19   -0.845488   -0.847957 0.000797883
          20   -0.851712   -0.848144  0.00077977
           1   -0.849904   -0.849904           0
           2   -0.846184   -0.848044  0.00131522
           3   -0.849704   -0.848597 0.000986366
           4   -0.849992   -0.848946 0.000799026
           5   -0.848896   -0.848936 0.000639284
           6   -0.848712   -0.848899 0.000533825
           7   -0.848904   -0.848899 0.000457565
           8    -0.85148   -0.849222  0.00050134
           9   -0.850824     -0.8494 0.000476187
          10   -0.843056   -0.848766 0.000738842
          11    -0.84132   -0.848089 0.000931479
          12   -0.848848   -0.848152 0.000856002
          13   -0.848584   -0.848185 0.000790801
          14   -0.847112   -0.848109 0.000738021
          15   -0.839584    -0.84754 0.000880858
          16   -0.853752   -0.847928 0.000907336
          17     -0.8496   -0.848027 0.000859274
          18   -0.846696   -0.847953 0.000814711
          19   -0.845696   -0.847834 0.000780443
          20   -0.851552    -0.84802 0.000763239
