           1    0.218782    0.218782           0
           2    0.206564    0.212673  0.00431957
           3    0.212585    0.212644  0.00287981
           4    0.213876    0.212952  0.00217627
           5    0.207974    0.211956  0.00195554
           6     0.21021    0.211665  0.00165114
           7     0.20934    0.211333  0.00144828
           8    0.211805    0.211392  0.00126845
           9    0.210944    0.211342  0.00112849
          10    0.211036    0.211312  0.00101606
          11    0.213716     0.21153 0.000946902
          12    0.213052    0.211657  0.00087644
          13    0.210557    0.211572 0.000813098
          14    0.208979    0.211387 0.000775835
          15    0.214174    0.211573 0.000746036
          16    0.213253    0.211678 0.000706763
          17    0.211447    0.211664 0.000665318
          18    0.213539    0.211768 0.000636458
          19    0.220912     0.21225 0.000763508
          20    0.211764    0.212225 0.000725719
           1    0.217935    0.217935           0
           2    0.207137    0.212536   0.0038177
           3    0.208051    0.211041  0.00282266
           4    0.215261    0.212096   0.0023058
           5    0.208788    0.211434  0.00193721
           6    0.208668    0.210973  0.00166832
           7    0.212718    0.211222  0.00144849
           8    0.210298    0.211107  0.00127203
           9    0.213655     0.21139  0.00116178
          10    0.210214    0.211272  0.00105154
          11    0.209809    0.211139 0.000964326
          12    0.215153    0.211474 0.000940191
          13    0.213103    0.211599 0.000876183
          14    0.210064     0.21149 0.000820428
          15    0.214456    0.211687 0.000789204
          16    0.216927    0.212015 0.000804959
          17    0.216014     0.21225  0.00079123
          18    0.213279    0.212307 0.000749336
          19    0.217479    0.212579 0.000757718
          20    0.208736    0.212387 0.000743804
