           1   -0.647048   -0.647048           0
           2   -0.643168   -0.645108  0.00137179
           3     -0.6488   -0.646339  0.00135869
           4   -0.643536   -0.645638    0.001186
           5   -0.643744   -0.645259  0.00100748
           6   -0.648592   -0.645815 0.000980812
           7   -0.645192   -0.645726  0.00084472
           8   -0.649392   -0.646184 0.000854451
           9   -0.648696   -0.646463 0.000803807
          10    -0.64572   -0.646389 0.000726853
          11   -0.647976   -0.646533 0.000674945
          12   -0.643536   -0.646283 0.000663302
          13   -0.648528   -0.646456 0.000634355
          14   -0.649224   -0.646654 0.000619089
          15   -0.648288   -0.646763 0.000587326
          16   -0.647016   -0.646779 0.000550831
          17   -0.644592    -0.64665 0.000533234
          18   -0.646904   -0.646664 0.000503797
          19    -0.64816   -0.646743 0.000483395
          20   -0.645328   -0.646672 0.000464372
           1     -0.6472     -0.6472           0
           2   -0.643048   -0.645124  0.00146795
           3   -0.648752   -0.646333  0.00139022
           4   -0.644248   -0.645812  0.00113622
           5     -0.6436    -0.64537 0.000991369
           6   -0.648976   -0.645971 0.000991754
           7   -0.645384   -0.645887 0.000853609
           8   -0.649168   -0.646297 0.000839679
           9   -0.649832    -0.64669 0.000833197
          10   -0.644592    -0.64648 0.000775837
          11   -0.648104   -0.646628 0.000719216
          12   -0.643616   -0.646377 0.000701704
          13   -0.648048   -0.646505 0.000659399
          14   -0.648008   -0.646613 0.000620975
          15   -0.647856   -0.646695 0.000585083
          16   -0.646752   -0.646699 0.000548526
          17   -0.644368   -0.646562 0.000533122
          18     -0.6468   -0.646575 0.000503669
          19   -0.649152   -0.646711 0.000495084
          20   -0.645144   -0.646632 0.000476487
