           1    0.349659    0.349659           0
           2    0.344659    0.347159  0.00176779
           3    0.347361    0.347227   0.0011798
           4    0.339209    0.345222  0.00194841
           5    0.356357    0.347449  0.00252925
           6    0.327359    0.344101  0.00371284
           7    0.337456    0.343151  0.00330156
           8    0.345565    0.343453  0.00290262
           9    0.342946    0.343397  0.00258065
          10    0.351752    0.344232   0.0024541
          11     0.34599    0.344392   0.0022362
          12    0.346328    0.344553  0.00205566
          13     0.33826    0.344069   0.0019537
          14    0.344635     0.34411  0.00181457
          15    0.339137    0.343778  0.00172362
          16    0.347363    0.344002  0.00163039
          17    0.351793    0.344461  0.00159759
          18    0.349302     0.34473  0.00153131
          19    0.337268    0.344337  0.00150023
          20    0.337716    0.344006  0.00146128
           1    0.351224    0.351224           0
           2    0.347219    0.349221  0.00141599
           3    0.348711    0.349051  0.00095414
           4    0.347414    0.348642  0.00079858
           5    0.359569    0.350827  0.00205649
           6     0.32981    0.347325  0.00362791
           7    0.342963    0.346701  0.00316271
           8    0.346067    0.346622  0.00276836
           9    0.339294    0.345808  0.00257773
          10    0.359026     0.34713  0.00263717
          11    0.337295    0.346236  0.00254447
          12    0.337791    0.345532   0.0024278
          13    0.341601    0.345229   0.0022598
          14    0.355291    0.345948  0.00220971
          15    0.339495    0.345518  0.00210386
          16    0.346448    0.345576  0.00197317
          17    0.356434    0.346215  0.00195776
          18    0.352525    0.346565  0.00188012
          19    0.336798    0.346051  0.00185012
          20    0.340651    0.345781   0.0017772
