           1      1.3167      1.3167           0
           2     1.40849     1.36259   0.0324534
           3       1.365     1.36339   0.0216455
           4     1.35635     1.36163   0.0163055
           5     1.36391     1.36209   0.0130508
           6     1.39581     1.36771    0.012025
           7     1.26182     1.35258   0.0173888
           8     1.35484     1.35286   0.0152175
           9     1.32042     1.34926   0.0139471
          10     1.35891     1.35022   0.0125857
          11     1.40311     1.35503   0.0123256
          12     1.37719     1.35688    0.011436
          13     1.36685     1.35764    0.010582
          14     1.33079     1.35573  0.00999847
          15      1.4401     1.36135   0.0107988
          16     1.41432     1.36466   0.0106192
          17     1.37738     1.36541   0.0100208
          18     1.36908     1.36561  0.00946619
          19     1.39498     1.36716   0.0090933
          20     1.39648     1.36863  0.00875601
           1      1.3396      1.3396           0
           2      1.4121     1.37585   0.0256354
           3     1.36187     1.37119   0.0175088
           4     1.35503     1.36715   0.0135896
           5      1.3758     1.36888   0.0109812
           6     1.40269     1.37451   0.0104976
           7        1.26     1.35816   0.0176164
           8     1.34571      1.3566   0.0154829
           9      1.3318     1.35385   0.0140056
          10     1.35479     1.35394   0.0126053
          11     1.40671     1.35874   0.0123386
          12     1.37946     1.36046   0.0114306
          13     1.36411     1.36074   0.0105548
          14     1.32615     1.35827    0.010086
          15      1.4439     1.36398   0.0109099
          16     1.40901      1.3668   0.0105848
          17     1.38273     1.36773   0.0100036
          18     1.37378     1.36807  0.00945345
          19     1.40615     1.37007  0.00916592
          20     1.38783     1.37096  0.00875051
