           1   -0.900032   -0.900032           0
           2   -0.890216   -0.895124  0.00347048
           3   -0.894264   -0.894837  0.00232546
           4   -0.891576   -0.894022  0.00188161
           5    -0.88384   -0.891986  0.00236293
           6   -0.895288   -0.892536   0.0020322
           7    -0.89064   -0.892265  0.00175984
           8   -0.890744   -0.892075   0.0015501
           9   -0.895648   -0.892472   0.0014278
          10   -0.892968   -0.892522  0.00128588
          11   -0.883584   -0.891709  0.00140238
          12   -0.900568   -0.892447  0.00146702
          13   -0.897456   -0.892833  0.00140385
          14   -0.888264   -0.892506  0.00134097
          15   -0.894576   -0.892644  0.00125865
          16   -0.890272   -0.892496  0.00118868
          17   -0.885192   -0.892066  0.00119389
          18   -0.897096   -0.892346   0.0011598
          19   -0.891568   -0.892305  0.00109948
          20   -0.895056   -0.892442  0.00105307
           1   -0.902032   -0.902032           0
           2   -0.890184   -0.896108   0.0041889
           3   -0.893792   -0.895336  0.00286286
           4   -0.891552    -0.89439  0.00229813
           5    -0.88376   -0.892264    0.002645
           6   -0.895368   -0.892781  0.00225419
           7   -0.890784   -0.892496  0.00195014
           8   -0.890688    -0.89227  0.00171941
           9     -0.8954   -0.892618  0.00156314
          10    -0.89264    -0.89262  0.00140683
          11   -0.883696   -0.891809  0.00149466
          12   -0.900664   -0.892547  0.00154155
          13    -0.89728   -0.892911  0.00146533
          14   -0.887816   -0.892547  0.00140513
          15   -0.894624   -0.892685  0.00131826
          16   -0.890256   -0.892534  0.00124458
          17   -0.885536   -0.892122  0.00123757
          18   -0.896776    -0.89238  0.00119552
          19    -0.89168   -0.892344  0.00113317
          20   -0.895008   -0.892477  0.00108431
