           1     79.5244     79.5244           0
           2     73.4729     76.4986      2.1395
           3     85.3637     79.4536     2.80282
           4     78.3395     79.1751     2.11591
           5      79.371     79.2143     1.69309
           6     67.9993     77.3451     2.21407
           7     85.4791     78.5071     2.18149
           8     79.4646     78.6268     1.91208
           9     76.1858     78.3556     1.71876
          10      77.516     78.2716     1.54893
          11     77.6853     78.2183     1.40904
          12      79.045     78.2872      1.2933
          13      84.545     78.7686     1.28027
          14     85.7133     79.2646     1.28132
          15     64.8583     78.3042     1.51364
          16     78.9528     78.3447     1.41958
          17      82.879     78.6115      1.3609
          18     80.6124     78.7226     1.28983
          19     79.1382     78.7445     1.22213
          20     74.8859     78.5516     1.17615
           1     80.5036     80.5036           0
           2     73.4755     76.9896     2.48479
           3     85.3524     79.7772     2.81508
           4     78.3112     79.4107     2.13503
           5     79.3975     79.4081     1.70803
           6      68.006     77.5077     2.24396
           7     85.5279     78.6535     2.19651
           8     79.4335      78.751     1.92411
           9     76.2066     78.4683     1.73096
          10     77.5131     78.3727      1.5605
          11     77.6733     78.3092     1.41993
          12      79.049     78.3708     1.30294
          13     84.5246     78.8442     1.28583
          14     85.7299      79.336     1.28461
          15     64.8405     78.3696     1.51958
          16     78.9465     78.4057     1.42504
          17     82.8659     78.6681     1.36515
          18     80.6094     78.7759     1.29356
          19     79.1484     78.7955     1.22563
          20     74.8982     78.6007     1.17974
