           1    0.046224    0.046224           0
           2    0.056948    0.051586  0.00379151
           3    0.043632   0.0489347  0.00332799
           4    0.038564    0.046342  0.00335729
           5    0.045716   0.0462168  0.00268817
           6    0.060972    0.048676  0.00317143
           7    0.042916   0.0478531   0.0028231
           8    0.035736   0.0463385  0.00284769
           9    0.054796   0.0472782  0.00268185
          10    0.052192   0.0477696  0.00245827
          11    0.048588    0.047844  0.00223591
          12    0.064608    0.049241   0.0024474
          13     0.07788    0.051444  0.00309574
          14      0.0484   0.0512266  0.00288224
          15    0.044364   0.0507691  0.00272616
          16    0.054808   0.0510215  0.00256744
          17    0.029416   0.0497506  0.00271279
          18     0.05796   0.0502067  0.00260014
          19      0.0509   0.0502432  0.00246354
          20     0.04556    0.050009  0.00235147
           1    0.043212    0.043212           0
           2    0.056284    0.049748  0.00462165
           3    0.043784     0.04776  0.00348252
           4     0.03762    0.045225  0.00341198
           5    0.045812   0.0453424  0.00273161
           6    0.062236    0.048158  0.00343337
           7    0.043464   0.0474874  0.00300766
           8    0.035536   0.0459935  0.00297972
           9     0.05456   0.0469453  0.00279653
          10      0.0526   0.0475108  0.00257342
          11    0.049332   0.0476764  0.00234479
          12    0.064536   0.0490813  0.00253561
          13     0.07674   0.0512089  0.00310752
          14    0.048672   0.0510277  0.00289083
          15    0.043436   0.0505216  0.00274206
          16    0.054004   0.0507393   0.0025793
          17    0.030204   0.0495313  0.00269564
          18     0.05772   0.0499862  0.00258398
          19    0.050904   0.0500345  0.00244843
          20    0.046104    0.049838  0.00233389
