           1     4.73992     4.73992           0
           2     4.63903     4.68947   0.0356712
           3     4.61223     4.66373   0.0317404
           4     4.53891     4.63252    0.036014
           5     4.50394     4.60681   0.0368666
           6     4.53043     4.59408   0.0328465
           7     3.87131     4.49082   0.0996523
           8     4.69291     4.51608   0.0903406
           9     4.54769      4.5196    0.080371
          10     4.46979     4.51461   0.0724881
          11     4.39831     4.50404   0.0666649
          12     4.47911     4.50196   0.0611418
          13     4.83793     4.52781   0.0616591
          14     4.69557     4.53979   0.0584077
          15     4.23977     4.51979   0.0578373
          16     4.14849     4.49658   0.0586938
          17     4.27381     4.48348   0.0566851
          18     4.53732     4.48647   0.0536148
          19     4.19849     4.47131    0.052892
          20     4.38231     4.46686   0.0504342
           1     4.75209     4.75209           0
           2     4.65496     4.70352   0.0343395
           3     4.59072     4.66592   0.0382969
           4     4.52547     4.63081   0.0418287
           5     4.47787     4.60022   0.0432239
           6     4.56444     4.59426    0.036429
           7     3.86759     4.49045    0.101055
           8     4.68223     4.51442   0.0912221
           9     4.55163     4.51855   0.0811799
          10     4.47896      4.5146   0.0731584
          11     4.41519     4.50556   0.0670635
          12     4.48213     4.50361   0.0615033
          13     4.84485     4.52986   0.0621219
          14     4.71291     4.54293   0.0590446
          15     4.24949     4.52337   0.0582589
          16     4.15479     4.50033   0.0589965
          17      4.2624     4.48634   0.0571622
          18     4.53237     4.48889   0.0540437
          19     4.20894     4.47416   0.0531699
          20     4.39495      4.4702   0.0506587
