           1     14.4643     14.4643           0
           2     14.5078      14.486   0.0153584
           3     14.7857     14.5859   0.0822081
           4     15.8433     14.9003    0.279123
           5     15.8163     15.0835    0.276977
           6     15.0439     15.0769    0.230893
           7     13.9081     14.9099    0.251121
           8     14.6932     14.8828    0.221188
           9     16.0262     15.0099    0.230221
          10     14.7087     14.9798    0.209159
          11     13.9235     14.8837    0.211038
          12     14.5603     14.8568    0.195166
          13     15.6548     14.9182    0.189561
          14     13.7947     14.8379    0.192258
          15     14.5664     14.8198     0.18029
          16     16.8696     14.9479    0.209656
          17     14.4078     14.9162    0.199717
          18     14.4762     14.8917    0.190111
          19     15.3642     14.9166    0.181724
          20     14.6989     14.9057    0.172964
           1     14.6218     14.6218           0
           2     14.5109     14.5663   0.0392091
           3     14.7875     14.6401   0.0656154
           4     15.8173     14.9344    0.259594
           5     15.7959     15.1067    0.258609
           6     15.0103     15.0906    0.216006
           7     13.9142     14.9226    0.241842
           8     14.6807     14.8923    0.213493
           9     16.0044     15.0159    0.222675
          10     14.7154     14.9858    0.202424
          11     13.9402     14.8908    0.205133
          12     14.5466     14.8621    0.190034
          13     15.6484     14.9226     0.18479
          14     13.8067     14.8429    0.187996
          15     14.5508     14.8234    0.176469
          16     16.9028     14.9534    0.207857
          17     14.4327     14.9227    0.197874
          18      14.469     14.8975    0.188479
          19     15.3934     14.9236    0.180357
          20     14.6889     14.9119    0.171721
