           1    0.252707    0.252707           0
           2    0.238789    0.245748  0.00492075
           3    0.254651    0.248716  0.00407828
           4    0.246172     0.24808   0.0031079
           5    0.244217    0.247307  0.00258055
           6    0.239854    0.246065  0.00243108
           7    0.247415    0.246258  0.00209143
           8    0.244431     0.24603  0.00184243
           9    0.246301     0.24606  0.00163796
          10    0.250375    0.246491  0.00152995
          11    0.242547    0.246133  0.00143227
          12    0.251844    0.246609  0.00138974
          13    0.246788    0.246622  0.00128291
          14     0.25186    0.246997  0.00124463
          15    0.250819    0.247251  0.00118746
          16    0.258234    0.247938  0.00129655
          17    0.246316    0.247842  0.00122379
          18    0.254697    0.248223   0.0012136
          19    0.245048    0.248056  0.00116117
          20     0.25135    0.248221  0.00111473
           1    0.252557    0.252557           0
           2    0.242261    0.247409  0.00364007
           3    0.252237    0.249018  0.00275956
           4     0.24383    0.247721  0.00235489
           5    0.243539    0.246885  0.00202701
           6    0.247607    0.247005  0.00169275
           7    0.245072    0.246729  0.00147328
           8    0.246466    0.246696  0.00128948
           9    0.245374    0.246549  0.00115455
          10    0.243129    0.246207  0.00108857
          11     0.24219    0.245842  0.00104909
          12    0.248097     0.24603 0.000978349
          13    0.245132    0.245961 0.000905525
          14    0.250844     0.24631 0.000905531
          15    0.249959    0.246553 0.000877237
          16    0.250955    0.246828 0.000864476
          17    0.247033     0.24684 0.000813709
          18    0.258182     0.24747 0.000982626
          19    0.245023    0.247341 0.000939313
          20    0.249621    0.247455 0.000899235
