           1    0.478237    0.478237           0
           2    0.402607    0.440422   0.0267389
           3    0.390667    0.423837   0.0223861
           4    0.416693    0.422051   0.0168607
           5    0.447018    0.427045   0.0142087
           6    0.455628    0.431808    0.012614
           7    0.436448    0.432471   0.0108294
           8    0.449021     0.43454  0.00967128
           9    0.423276    0.433288  0.00867731
          10    0.440244    0.433984   0.0078374
          11    0.465889    0.436884   0.0076428
          12    0.392163    0.433158   0.0078622
          13    0.489527    0.437494  0.00836814
          14    0.423921    0.436524  0.00782637
          15    0.470206     0.43877  0.00761993
          16    0.421952    0.437719  0.00721582
          17    0.415208    0.436394  0.00691178
          18    0.436984    0.436427  0.00652787
          19    0.432778    0.436235  0.00618713
          20    0.458045    0.437326  0.00597309
           1    0.473309    0.473309           0
           2    0.403458    0.438384   0.0246962
           3    0.398418    0.425062   0.0197327
           4    0.419754    0.423735   0.0148441
           5    0.443031    0.427594   0.0123668
           6    0.453027    0.431833   0.0110081
           7    0.436786    0.432541  0.00945826
           8    0.448229    0.434502  0.00847685
           9    0.424584      0.4334  0.00760627
          10    0.442146    0.434274  0.00689574
          11    0.463716    0.436951   0.0067684
          12      0.3898    0.433022  0.00725579
          13    0.491065    0.437486  0.00795365
          14    0.428444    0.436841  0.00741171
          15    0.472022    0.439186  0.00727925
          16    0.429169     0.43856  0.00685117
          17     0.41666    0.437272  0.00656815
          18    0.441617    0.437513  0.00620769
          19    0.430292    0.437133  0.00589259
          20    0.458714    0.438212  0.00569591
