           1    0.104836    0.104836           0
           2    0.109316    0.107076  0.00158392
           3    0.100144    0.104765  0.00216205
           4    0.115152    0.107362  0.00277244
           5     0.08774    0.103438  0.00415211
           6    0.121888    0.106513  0.00445559
           7    0.091584     0.10438  0.00429929
           8    0.122852    0.106689  0.00433783
           9    0.126392    0.108878  0.00437353
          10    0.078116    0.105802  0.00490003
          11     0.07974    0.103433  0.00499463
          12    0.136336    0.106175  0.00527765
          13    0.147716     0.10937  0.00575838
          14      0.1044    0.109015    0.005358
          15    0.120284    0.109766  0.00505319
          16     0.09714    0.108977  0.00479859
          17    0.068188    0.106578  0.00508089
          18    0.098584    0.106134  0.00481799
          19    0.103152    0.105977  0.00456697
          20    0.140748    0.107715   0.0046578
           1    0.106744    0.106744           0
           2    0.108864    0.107804 0.000749533
           3     0.09938    0.104996  0.00234654
           4    0.115004    0.107498  0.00279147
           5    0.087552    0.103509  0.00420928
           6    0.122248    0.106632  0.00452027
           7    0.090944    0.104391  0.00439512
           8    0.122036    0.106597  0.00436422
           9    0.126984    0.108862  0.00442835
          10    0.077992    0.105775  0.00494579
          11    0.080244    0.103454  0.00501127
          12    0.135896    0.106157  0.00527273
          13    0.147288    0.109321   0.0057384
          14    0.103512    0.108906  0.00534349
          15    0.120504    0.109679  0.00504289
          16    0.096796    0.108874  0.00479156
          17      0.0676    0.106446  0.00508777
          18    0.097896    0.105971  0.00482724
          19    0.102956    0.105813  0.00457578
          20     0.14082    0.107563  0.00466979
