           1   -0.485464   -0.485464           0
           2   -0.483832   -0.484648 0.000576999
           3   -0.484216   -0.484504 0.000402234
           4   -0.479728    -0.48331  0.00107714
           5   -0.478408    -0.48233  0.00122943
           6   -0.485168   -0.482803  0.00111182
           7   -0.485976   -0.483256  0.00104132
           8   -0.482736   -0.483191 0.000913178
           9   -0.483992    -0.48328  0.00081604
          10   -0.481704   -0.483122   0.0007495
          11   -0.481992    -0.48302 0.000688372
          12   -0.480848   -0.482839 0.000654364
          13   -0.484424   -0.482961 0.000615286
          14   -0.484424   -0.483065 0.000580148
          15    -0.48304   -0.483063 0.000541474
          16   -0.481232   -0.482949  0.00051959
          17   -0.481976   -0.482892 0.000492168
          18   -0.485432   -0.483033 0.000484636
          19   -0.483952   -0.483081 0.000461537
          20   -0.479512   -0.482903 0.000471703
           1     -0.4844     -0.4844           0
           2    -0.48168    -0.48304 0.000961665
           3   -0.482432   -0.482837 0.000662121
           4    -0.48108   -0.482398  0.00062559
           5   -0.477728   -0.481464 0.000973836
           6   -0.485408   -0.482121  0.00100928
           7   -0.485232   -0.482566 0.000957947
           8   -0.482744   -0.482588 0.000838463
           9    -0.48604   -0.482972 0.000828397
          10    -0.48144   -0.482818 0.000759583
          11    -0.48348   -0.482879 0.000692907
          12   -0.480072   -0.482645  0.00067348
          13   -0.485384   -0.482855 0.000653808
          14   -0.484672   -0.482985  0.00061985
          15   -0.482072   -0.482924 0.000581508
          16    -0.48252   -0.482899 0.000545713
          17   -0.482112   -0.482853 0.000515572
          18   -0.485272   -0.482987 0.000504144
          19    -0.48504   -0.483095 0.000489051
          20   -0.481128   -0.482997 0.000474386
