           1    0.062508    0.062508           0
           2    0.080944    0.071726  0.00651811
           3     0.07498   0.0728107  0.00443474
           4      0.1067    0.081283  0.00805593
           5    0.089252   0.0828768  0.00660052
           6    0.086452   0.0834727  0.00552726
           7    0.061324   0.0803086  0.00557016
           8    0.108804   0.0838705  0.00590391
           9    0.101416     0.08582  0.00556048
          10      0.0586    0.083098   0.0056314
          11    0.080592   0.0828702  0.00512406
          12     0.10654   0.0848427  0.00506249
          13    0.072688   0.0839077  0.00475863
          14    0.072496   0.0830926  0.00448799
          15     0.05768   0.0813984  0.00449721
          16    0.083968    0.081559    0.004219
          17    0.070948   0.0809348  0.00401673
          18    0.076236   0.0806738  0.00380205
          19    0.088764   0.0810996  0.00362571
          20    0.079696   0.0810294   0.0034451
           1    0.064896    0.064896           0
           2     0.08054    0.072718  0.00553099
           3      0.0752   0.0735453  0.00374869
           4    0.106532    0.081792   0.0076753
           5    0.089756   0.0833848  0.00630335
           6    0.086764    0.083948  0.00527789
           7      0.0606   0.0806126  0.00547736
           8     0.10794   0.0840285   0.0057602
           9    0.100408   0.0858484  0.00540004
          10    0.058936   0.0831572  0.00548985
          11    0.081596   0.0830153  0.00499261
          12    0.106496    0.084972  0.00494516
          13    0.072236   0.0839923  0.00466079
          14    0.071056   0.0830683  0.00441853
          15    0.057496   0.0813635  0.00444068
          16    0.083092   0.0814715  0.00416446
          17    0.071124   0.0808628  0.00396372
          18    0.075192   0.0805478  0.00375601
          19    0.087184   0.0808971  0.00357453
          20    0.078872   0.0807958  0.00339724
