           1     11.1058     11.1058           0
           2     8.75289     9.92935    0.831881
           3     9.87915     9.91261    0.554756
           4     10.7074     10.1113    0.450243
           5     10.5826     10.2056    0.369928
           6     9.02155     10.0082    0.357047
           7     9.85196     9.98589    0.306738
           8     10.2395     10.0176    0.270029
           9     9.97457     10.0128    0.240068
          10     11.3888     10.1504    0.252432
          11     10.3101     10.1649    0.229901
          12     10.8367     10.2209    0.217452
          13     10.5312     10.2448    0.202031
          14     9.65508     10.2027    0.191941
          15     9.53267      10.158    0.184268
          16     10.9519     10.2076    0.179308
          17     11.2517      10.269    0.178971
          18     11.5068     10.3378     0.18176
          19     10.2067     10.3309    0.172324
          20     10.7806     10.3534    0.165169
           1     11.2725     11.2725           0
           2     8.78595     10.0292    0.879132
           3     9.89404     9.98417    0.587241
           4     10.7023     10.1637     0.46707
           5     10.5569     10.2423    0.380219
           6     8.98349     10.0325    0.370238
           7     9.87548     10.0101    0.318026
           8     10.1934      10.033    0.279098
           9     9.94614     10.0234    0.248254
          10     11.3825     10.1593    0.257966
          11     10.3518     10.1768    0.235107
          12      10.846     10.2325     0.22203
          13     10.5272     10.2552    0.206104
          14     9.67705     10.2139    0.195476
          15     9.53883     10.1689    0.187554
          16     10.9328     10.2167    0.181807
          17     11.2792     10.2792    0.181539
          18      11.523     10.3483    0.184136
          19     10.1853     10.3397    0.174645
          20     10.7481     10.3601    0.167102
