           1     2.55806     2.55806           0
           2     2.47703     2.51755   0.0286501
           3     2.75509     2.59673   0.0674144
           4     2.41083     2.55025   0.0646249
           5     2.60394     2.56099   0.0525844
           6     2.59665     2.56693   0.0441549
           7     2.56867     2.56718   0.0378478
           8     2.50598     2.55953   0.0338812
           9     2.45503     2.54792   0.0320446
          10     2.65806     2.55893   0.0306747
          11     2.53929     2.55715    0.027938
          12     2.67445     2.56692   0.0272664
          13     2.46657      2.5592    0.026239
          14     2.63737     2.56479   0.0249518
          15     2.39362     2.55338   0.0257658
          16     2.58254      2.5552   0.0242199
          17     2.60828     2.55832   0.0229956
          18     2.70628     2.56654   0.0231405
          19     2.54422     2.56537   0.0219524
          20     2.44133     2.55917   0.0217132
           1     2.51873     2.51873           0
           2     2.47415     2.49644     0.01576
           3     2.75199     2.58162   0.0703401
           4     2.42397     2.54221   0.0628348
           5     2.62546     2.55886   0.0524272
           6      2.5806     2.56248   0.0438144
           7      2.5524     2.56104   0.0375788
           8      2.5001     2.55343   0.0336447
           9     2.46201     2.54327   0.0314022
          10     2.66405     2.55535   0.0304964
          11      2.5354     2.55353   0.0277779
          12     2.67413     2.56358   0.0272205
          13     2.46875     2.55629   0.0260858
          14     2.64324      2.5625   0.0249509
          15      2.3898     2.55099   0.0258074
          16      2.5767     2.55259   0.0242445
          17       2.605     2.55568   0.0230135
          18     2.69222     2.56326   0.0229512
          19     2.55777     2.56297   0.0217451
          20     2.46895     2.55827   0.0211599
