           1    0.427724    0.427724           0
           2    0.427368    0.427546 0.000125865
           3    0.556036    0.470376   0.0349706
           4    0.430784    0.460478   0.0275932
           5     0.44684     0.45775    0.022209
           6    0.305552    0.432384   0.0296435
           7    0.532028    0.446619   0.0286232
           8    0.547144    0.459184   0.0276663
           9    0.411488    0.453885   0.0250947
          10    0.513792    0.459876   0.0232894
          11    0.361952    0.450973   0.0228102
          12    0.459204    0.451659   0.0209196
          13    0.513564    0.456421    0.019845
          14     0.39706    0.452181    0.018875
          15     0.36956    0.446673   0.0184028
          16    0.369108    0.441825   0.0178798
          17    0.457724     0.44276   0.0168525
          18     0.20944    0.429798   0.0202981
          19    0.361248     0.42619   0.0195478
          20     0.38244    0.424003   0.0186924
           1    0.435352    0.435352           0
           2    0.427708     0.43153  0.00270256
           3    0.555632    0.472897   0.0338243
           4    0.430572    0.462316   0.0269726
           5      0.4469    0.459233   0.0217536
           6    0.304948    0.433519   0.0296587
           7     0.53212    0.447605   0.0285715
           8    0.546796    0.460004   0.0275594
           9    0.411064    0.454566    0.025028
          10    0.513828    0.460492   0.0232162
          11    0.362216    0.451558   0.0227598
          12    0.459344    0.452207   0.0208724
          13    0.513412    0.456915   0.0197907
          14    0.397364    0.452661   0.0188287
          15    0.369536    0.447119   0.0183709
          16    0.369044     0.44224    0.017859
          17    0.457208     0.44312   0.0168302
          18    0.209144    0.430122   0.0203036
          19     0.36138    0.426504   0.0195547
          20    0.382568    0.424307   0.0186999
