           1   0.0323165           0
           1   0.0969496           0
           1    0.161583           0
           1    0.226216           0
           1    0.290849           0
           1    0.355482           0
           1    0.420115           0
           1    0.484748           0
           1    0.549381           0
           1    0.614014           0
           1    0.678647           0
           1     0.74328           0
           1    0.807913           0
           1    0.872546 0.000898024
           1    0.937179    0.140645
           1     1.00181     1.06919
           1     1.06645     2.09555
           1     1.13108     2.28398
           1     1.19571     2.10677
           1     1.26034     1.85237
           1     1.32498     1.62909
           1     1.38961     1.47543
           1     1.45424     1.35929
           1     1.51888     1.25626
           1     1.58351     1.18609
           1     1.64814     1.17136
           1     1.71278     1.11944
           1     1.77741     1.11385
           1     1.84204     1.08719
           1     1.90667     1.08472
           1     1.97131     1.06492
           1     2.03594     1.07237
           1     2.10057     1.05503
           1     2.16521     1.05908
           1     2.22984     1.07254
           1     2.29447     1.05051
           1     2.35911     1.06388
           1     2.42374     1.04283
           1     2.48837     1.03439
           1     2.55301     1.02008
           1     2.61764     1.03578
           1     2.68227     1.00785
           1      2.7469     1.02172
           1     2.81154      1.0268
           1     2.87617     1.02127
           1      2.9408     1.01863
           1     3.00544     1.01381
           1     3.07007     1.00418
           1      3.1347     1.00539
           1     3.19934     1.00569
           1     3.26397     1.01535
           1      3.3286     1.00956
           1     3.39323     1.00824
           1     3.45787     1.00646
           1      3.5225    0.999288
           1     3.58713    0.995231
           1     3.65177     1.00384
           1      3.7164    0.997526
           1     3.78103    0.987589
           1     3.84567     1.00314
           1      3.9103    0.998438
           1     3.97493    0.995266
           1     4.03957    0.998338
           1      4.1042    0.991087
           1     4.16883    0.996751
           1     4.23346    0.991521
           1      4.2981    0.989325
           1     4.36273    0.992991
           1     4.42736    0.980135
           1       4.492    0.992438
           1     4.55663    0.984349
           1     4.62126    0.986644
           1      4.6859    0.985948
           1     4.75053     0.99148
           1     4.81516    0.993206
           1     4.87979    0.998792
           1     4.94443    0.986392
           1     5.00906    0.991334
           1     5.07369    0.986964
           1     5.13833    0.986799
           1     5.20296    0.990726
           1     5.26759    0.983153
           1     5.33223    0.978749
           1     5.39686    0.988004
           1     5.46149    0.986933
           1     5.52612    0.987911
           1     5.59076     0.98389
           1     5.65539    0.988647
           1     5.72002     0.98434
           1     5.78466    0.988802
           1     5.84929    0.987423
           1     5.91392    0.982549
           1     5.97856    0.984779
           1     6.04319    0.987451
           1     6.10782    0.987315
           1     6.17246    0.981816
           1     6.23709    0.985808
           1     6.30172    0.985998
           1     6.36635    0.986792
           1     6.43099    0.985084
           2   0.0323165           0
           2   0.0969496           0
           2    0.161583           0
           2    0.226216           0
           2    0.290849           0
           2    0.355482           0
           2    0.420115           0
           2    0.484748           0
           2    0.549381           0
           2    0.614014           0
           2    0.678647           0
           2     0.74328           0
           2    0.807913           0
           2    0.872546 0.000898024
           2    0.937179    0.142461
           2     1.00181     1.09304
           2     1.06645     2.06508
           2     1.13108     2.26296
           2     1.19571     2.20259
           2     1.26034     1.79037
           2     1.32498      1.6087
           2     1.38961     1.45064
           2     1.45424      1.3387
           2     1.51888     1.24331
           2     1.58351     1.18609
           2     1.64814     1.14391
           2     1.71278     1.10522
           2     1.77741     1.09227
           2     1.84204     1.07966
           2     1.90667     1.07713
           2     1.97131     1.07091
           2     2.03594      1.0519
           2     2.10057     1.05638
           2     2.16521     1.05577
           2     2.22984     1.05809
           2     2.29447      1.0616
           2     2.35911     1.04589
           2     2.42374     1.03774
           2     2.48837     1.02283
           2     2.55301     1.01553
           2     2.61764     1.02094
           2     2.68227     1.01261
           2      2.7469     1.02444
           2     2.81154     1.00136
           2     2.87617     1.00314
           2      2.9408     1.00875
           2     3.00544    0.995942
           2     3.07007    0.998258
           2      3.1347    0.987403
           2     3.19934     1.00509
           2     3.26397    0.997697
           2      3.3286     1.00112
           2     3.39323    0.998913
           2     3.45787    0.996873
           2      3.5225    0.999086
           2     3.58713    0.985787
           2     3.65177    0.992371
           2      3.7164    0.991517
           2     3.78103    0.995547
           2     3.84567     0.99064
           2      3.9103    0.985539
           2     3.97493    0.991789
           2     4.03957    0.994496
           2      4.1042    0.992062
           2     4.16883    0.983304
           2     4.23346     0.99904
           2      4.2981    0.998519
           2     4.36273    0.985421
           2     4.42736    0.991976
           2       4.492    0.996664
           2     4.55663    0.984876
           2     4.62126    0.986815
           2      4.6859    0.987713
           2     4.75053    0.988934
           2     4.81516     0.98824
           2     4.87979    0.981911
           2     4.94443    0.987968
           2     5.00906    0.990007
           2     5.07369    0.982039
           2     5.13833    0.988923
           2     5.20296    0.985184
           2     5.26759    0.992315
           2     5.33223    0.989743
           2     5.39686    0.989507
           2     5.46149    0.988324
           2     5.52612    0.986933
           2     5.59076    0.992847
           2     5.65539    0.987029
           2     5.72002    0.979504
           2     5.78466    0.983746
           2     5.84929    0.986383
           2     5.91392     0.98219
           2     5.97856    0.987675
           2     6.04319    0.988076
           2     6.10782    0.986429
           2     6.17246    0.978195
           2     6.23709    0.985234
           2     6.30172     0.99202
           2     6.36635    0.983197
           2     6.43099    0.987295
           3   0.0323165           0
           3   0.0969496           0
           3    0.161583           0
           3    0.226216           0
           3    0.290849           0
           3    0.355482           0
           3    0.420115           0
           3    0.484748           0
           3    0.549381           0
           3    0.614014           0
           3    0.678647           0
           3     0.74328           0
           3    0.807913           0
           3    0.872546 0.000898024
           3    0.937179    0.153619
           3     1.00181      1.0617
           3     1.06645     1.99794
           3     1.13108     2.25975
           3     1.19571     2.04061
           3     1.26034      1.8096
           3     1.32498     1.58286
           3     1.38961     1.46126
           3     1.45424     1.35357
           3     1.51888     1.21367
           3     1.58351     1.17773
           3     1.64814     1.15432
           3     1.71278     1.10414
           3     1.77741     1.07993
           3     1.84204     1.07771
           3     1.90667     1.07469
           3     1.97131     1.05501
           3     2.03594     1.04943
           3     2.10057     1.05353
           3     2.16521     1.07007
           3     2.22984     1.07116
           3     2.29447     1.03051
           3     2.35911     1.02603
           3     2.42374     1.02319
           3     2.48837     1.00891
           3     2.55301     1.01469
           3     2.61764     1.00779
           3     2.68227    0.996857
           3      2.7469     1.00283
           3     2.81154     1.00465
           3     2.87617     1.00493
           3      2.9408     1.00345
           3     3.00544     1.00412
           3     3.07007     1.00116
           3      3.1347    0.993297
           3     3.19934    0.994533
           3     3.26397     1.00046
           3      3.3286     1.00203
           3     3.39323     1.00446
           3     3.45787    0.995595
           3      3.5225     0.99146
           3     3.58713    0.988976
           3     3.65177    0.992696
           3      3.7164    0.995017
           3     3.78103    0.991736
           3     3.84567    0.987387
           3      3.9103    0.995202
           3     3.97493    0.995656
           3     4.03957    0.996578
           3      4.1042    0.995933
           3     4.16883    0.993104
           3     4.23346    0.994396
           3      4.2981     1.00564
           3     4.36273    0.994249
           3     4.42736     1.00003
           3       4.492    0.990189
           3     4.55663     0.98492
           3     4.62126    0.987146
           3      4.6859    0.983487
           3     4.75053    0.988378
           3     4.81516    0.985221
           3     4.87979    0.983702
           3     4.94443    0.994282
           3     5.00906    0.992761
           3     5.07369    0.989249
           3     5.13833    0.985357
           3     5.20296    0.990018
           3     5.26759    0.983572
           3     5.33223    0.981171
           3     5.39686    0.992434
           3     5.46149    0.990044
           3     5.52612    0.992771
           3     5.59076    0.996502
           3     5.65539    0.989602
           3     5.72002    0.987023
           3     5.78466    0.988747
           3     5.84929    0.984264
           3     5.91392    0.983325
           3     5.97856     0.98772
           3     6.04319    0.986234
           3     6.10782    0.990719
           3     6.17246    0.992899
           3     6.23709    0.991059
           3     6.30172    0.988598
           3     6.36635    0.991714
           3     6.43099    0.984367
           4   0.0323165           0
           4   0.0969496           0
           4    0.161583           0
           4    0.226216           0
           4    0.290849           0
           4    0.355482           0
           4    0.420115           0
           4    0.484748           0
           4    0.549381           0
           4    0.614014           0
           4    0.678647           0
           4     0.74328           0
           4    0.807913           0
           4    0.872546 0.000299341
           4    0.937179    0.146094
           4     1.00181     1.06624
           4     1.06645     2.00977
           4     1.13108     2.29645
           4     1.19571     2.10374
           4     1.26034     1.86873
           4     1.32498     1.57922
           4     1.38961     1.41581
           4     1.45424     1.32706
           4     1.51888     1.25824
           4     1.58351     1.17645
           4     1.64814     1.14551
           4     1.71278      1.1025
           4     1.77741     1.10338
           4     1.84204      1.0931
           4     1.90667     1.07155
           4     1.97131     1.05442
           4     2.03594     1.05587
           4     2.10057     1.04594
           4     2.16521     1.05237
           4     2.22984     1.04301
           4     2.29447     1.04428
           4     2.35911     1.03639
           4     2.42374     1.03351
           4     2.48837     1.01782
           4     2.55301      1.0171
           4     2.61764     1.01787
           4     2.68227     1.01749
           4      2.7469     1.00507
           4     2.81154     1.00485
           4     2.87617     1.01278
           4      2.9408      1.0045
           4     3.00544     1.01147
           4     3.07007     1.00476
           4      3.1347     1.00395
           4     3.19934      1.0007
           4     3.26397    0.996691
           4      3.3286    0.995567
           4     3.39323     0.99525
           4     3.45787    0.988025
           4      3.5225    0.983926
           4     3.58713    0.990482
           4     3.65177    0.995637
           4      3.7164    0.988727
           4     3.78103    0.989965
           4     3.84567    0.997485
           4      3.9103    0.995426
           4     3.97493    0.988715
           4     4.03957    0.993532
           4      4.1042    0.985538
           4     4.16883    0.995203
           4     4.23346     0.99334
           4      4.2981    0.990016
           4     4.36273    0.990332
           4     4.42736    0.991057
           4       4.492    0.983884
           4     4.55663    0.979056
           4     4.62126    0.978701
           4      4.6859    0.988481
           4     4.75053    0.992349
           4     4.81516    0.983893
           4     4.87979    0.989744
           4     4.94443    0.987754
           4     5.00906    0.987281
           4     5.07369    0.988036
           4     5.13833    0.989295
           4     5.20296     0.98867
           4     5.26759    0.991189
           4     5.33223    0.994683
           4     5.39686    0.983111
           4     5.46149    0.984433
           4     5.52612    0.982871
           4     5.59076    0.982022
           4     5.65539    0.984291
           4     5.72002    0.986048
           4     5.78466    0.990076
           4     5.84929    0.982998
           4     5.91392    0.983474
           4     5.97856    0.986527
           4     6.04319    0.989106
           4     6.10782    0.979003
           4     6.17246    0.985574
           4     6.23709    0.986693
           4     6.30172    0.986532
           4     6.36635    0.983366
           4     6.43099    0.985332
           5   0.0323165           0
           5   0.0969496           0
           5    0.161583           0
           5    0.226216           0
           5    0.290849           0
           5    0.355482           0
           5    0.420115           0
           5    0.484748           0
           5    0.549381           0
           5    0.614014           0
           5    0.678647           0
           5     0.74328           0
           5    0.807913           0
           5    0.872546 0.000299341
           5    0.937179    0.157771
           5     1.00181     1.06964
           5     1.06645     2.04264
           5     1.13108     2.26028
           5     1.19571     2.05559
           5     1.26034     1.82367
           5     1.32498     1.57312
           5     1.38961     1.46563
           5     1.45424     1.35174
           5     1.51888     1.25833
           5     1.58351     1.18836
           5     1.64814     1.15751
           5     1.71278     1.12333
           5     1.77741     1.11565
           5     1.84204     1.04976
           5     1.90667     1.04283
           5     1.97131        1.06
           5     2.03594     1.05867
           5     2.10057     1.06387
           5     2.16521     1.03783
           5     2.22984     1.04869
           5     2.29447     1.05324
           5     2.35911     1.03971
           5     2.42374     1.01923
           5     2.48837     1.01815
           5     2.55301     1.01822
           5     2.61764     1.01441
           5     2.68227     1.02335
           5      2.7469     1.02054
           5     2.81154     1.00254
           5     2.87617     1.02962
           5      2.9408     1.00192
           5     3.00544     1.01008
           5     3.07007    0.994388
           5      3.1347     1.01564
           5     3.19934     0.99529
           5     3.26397    0.995835
           5      3.3286    0.998324
           5     3.39323     1.00279
           5     3.45787     1.00313
           5      3.5225    0.984037
           5     3.58713    0.997499
           5     3.65177    0.994235
           5      3.7164    0.991137
           5     3.78103    0.992278
           5     3.84567    0.994232
           5      3.9103    0.994963
           5     3.97493    0.995454
           5     4.03957    0.986658
           5      4.1042    0.989991
           5     4.16883    0.996357
           5     4.23346    0.990911
           5      4.2981    0.992373
           5     4.36273    0.986355
           5     4.42736    0.997245
           5       4.492    0.992291
           5     4.55663    0.982054
           5     4.62126    0.988715
           5      4.6859    0.986207
           5     4.75053    0.987762
           5     4.81516     0.98587
           5     4.87979     0.98847
           5     4.94443    0.990496
           5     5.00906    0.984782
           5     5.07369    0.990675
           5     5.13833    0.991877
           5     5.20296    0.980476
           5     5.26759    0.987302
           5     5.33223    0.987939
           5     5.39686    0.984583
           5     5.46149    0.986023
           5     5.52612    0.985059
           5     5.59076    0.988733
           5     5.65539    0.985097
           5     5.72002    0.984549
           5     5.78466    0.989402
           5     5.84929    0.988802
           5     5.91392    0.989811
           5     5.97856    0.980639
           5     6.04319    0.981814
           5     6.10782    0.986148
           5     6.17246    0.986136
           5     6.23709    0.981606
           5     6.30172    0.978178
           5     6.36635    0.984947
           5     6.43099    0.984682
           6   0.0323165           0
           6   0.0969496           0
           6    0.161583           0
           6    0.226216           0
           6    0.290849           0
           6    0.355482           0
           6    0.420115           0
           6    0.484748           0
           6    0.549381           0
           6    0.614014           0
           6    0.678647           0
           6     0.74328           0
           6    0.807913           0
           6    0.872546  0.00119736
           6    0.937179    0.131563
           6     1.00181     1.03717
           6     1.06645     2.03843
           6     1.13108     2.29075
           6     1.19571     2.03678
           6     1.26034     1.85653
           6     1.32498     1.62935
           6     1.38961     1.46079
           6     1.45424     1.32458
           6     1.51888     1.21387
           6     1.58351     1.18373
           6     1.64814     1.13569
           6     1.71278     1.09675
           6     1.77741     1.09039
           6     1.84204     1.07637
           6     1.90667     1.06541
           6     1.97131     1.04357
           6     2.03594     1.03832
           6     2.10057     1.05467
           6     2.16521     1.05193
           6     2.22984     1.04727
           6     2.29447     1.03661
           6     2.35911     1.03242
           6     2.42374     1.02567
           6     2.48837     1.02143
           6     2.55301     1.00531
           6     2.61764     1.02127
           6     2.68227     1.01048
           6      2.7469     1.00785
           6     2.81154    0.991379
           6     2.87617      1.0079
           6      2.9408    0.988238
           6     3.00544    0.993872
           6     3.07007    0.992598
           6      3.1347    0.997218
           6     3.19934     1.00351
           6     3.26397     1.00487
           6      3.3286     1.00197
           6     3.39323     0.99521
           6     3.45787    0.988006
           6      3.5225    0.993573
           6     3.58713    0.984405
           6     3.65177    0.987943
           6      3.7164    0.981167
           6     3.78103    0.984304
           6     3.84567    0.992397
           6      3.9103    0.992533
           6     3.97493     0.99111
           6     4.03957    0.989675
           6      4.1042    0.987581
           6     4.16883    0.990637
           6     4.23346    0.984957
           6      4.2981    0.985832
           6     4.36273    0.993051
           6     4.42736    0.981519
           6       4.492    0.985263
           6     4.55663    0.993134
           6     4.62126    0.986858
           6      4.6859    0.989405
           6     4.75053    0.984216
           6     4.81516    0.983795
           6     4.87979     0.98441
           6     4.94443    0.986653
           6     5.00906    0.980039
           6     5.07369    0.985166
           6     5.13833    0.986471
           6     5.20296     0.98937
           6     5.26759    0.984755
           6     5.33223    0.986046
           6     5.39686    0.992137
           6     5.46149     0.98613
           6     5.52612    0.990001
           6     5.59076    0.982073
           6     5.65539    0.982267
           6     5.72002    0.988821
           6     5.78466    0.979569
           6     5.84929    0.986783
           6     5.91392     0.98719
           6     5.97856    0.983644
           6     6.04319      0.9881
           6     6.10782    0.988654
           6     6.17246    0.986286
           6     6.23709     0.98817
           6     6.30172      0.9871
           6     6.36635    0.993273
           6     6.43099    0.986694
           7   0.0323165           0
           7   0.0969496           0
           7    0.161583           0
           7    0.226216           0
           7    0.290849           0
           7    0.355482           0
           7    0.420115           0
           7    0.484748           0
           7    0.549381           0
           7    0.614014           0
           7    0.678647           0
           7     0.74328           0
           7    0.807913           0
           7    0.872546           0
           7    0.937179    0.166075
           7     1.00181     1.05579
           7     1.06645     2.06508
           7     1.13108     2.27668
           7     1.19571     2.11873
           7     1.26034     1.81907
           7     1.32498     1.59052
           7     1.38961     1.48487
           7     1.45424      1.3498
           7     1.51888     1.26021
           7     1.58351     1.17291
           7     1.64814      1.1262
           7     1.71278     1.11929
           7     1.77741     1.09278
           7     1.84204     1.10035
           7     1.90667     1.06152
           7     1.97131     1.06152
           7     2.03594     1.04932
           7     2.10057     1.04129
           7     2.16521     1.05251
           7     2.22984     1.05296
           7     2.29447     1.02657
           7     2.35911     1.02795
           7     2.42374     1.02769
           7     2.48837     1.00773
           7     2.55301     1.00874
           7     2.61764     1.00713
           7     2.68227     1.02246
           7      2.7469     1.00637
           7     2.81154    0.995071
           7     2.87617     1.00496
           7      2.9408    0.993853
           7     3.00544    0.998744
           7     3.07007    0.996782
           7      3.1347     1.00084
           7     3.19934    0.997117
           7     3.26397     1.00059
           7      3.3286    0.992809
           7     3.39323    0.995646
           7     3.45787    0.996701
           7      3.5225    0.982861
           7     3.58713    0.986336
           7     3.65177    0.987379
           7      3.7164    0.985657
           7     3.78103     0.99046
           7     3.84567    0.980526
           7      3.9103    0.995813
           7     3.97493    0.988253
           7     4.03957    0.978386
           7      4.1042    0.989977
           7     4.16883    0.979486
           7     4.23346    0.990465
           7      4.2981     0.98287
           7     4.36273    0.982761
           7     4.42736    0.997745
           7       4.492    0.986246
           7     4.55663    0.991333
           7     4.62126    0.986409
           7      4.6859    0.979219
           7     4.75053    0.989823
           7     4.81516    0.988191
           7     4.87979    0.986507
           7     4.94443    0.985385
           7     5.00906     0.98132
           7     5.07369    0.981597
           7     5.13833    0.987015
           7     5.20296    0.987719
           7     5.26759    0.988592
           7     5.33223    0.989591
           7     5.39686    0.989726
           7     5.46149    0.984127
           7     5.52612    0.977809
           7     5.59076    0.990498
           7     5.65539    0.992561
           7     5.72002    0.988717
           7     5.78466    0.990975
           7     5.84929    0.985143
           7     5.91392    0.993136
           7     5.97856    0.985149
           7     6.04319    0.990454
           7     6.10782    0.984412
           7     6.17246     0.98327
           7     6.23709    0.987355
           7     6.30172    0.984901
           7     6.36635    0.988975
           7     6.43099    0.993761
           8   0.0323165           0
           8   0.0969496           0
           8    0.161583           0
           8    0.226216           0
           8    0.290849           0
           8    0.355482           0
           8    0.420115           0
           8    0.484748           0
           8    0.549381           0
           8    0.614014           0
           8    0.678647           0
           8     0.74328           0
           8    0.807913           0
           8    0.872546 0.000598682
           8    0.937179    0.145575
           8     1.00181     1.03808
           8     1.06645     2.12781
           8     1.13108     2.33708
           8     1.19571     2.05719
           8     1.26034     1.82496
           8     1.32498     1.65402
           8     1.38961     1.43564
           8     1.45424     1.33342
           8     1.51888     1.23353
           8     1.58351     1.18118
           8     1.64814     1.13871
           8     1.71278      1.0945
           8     1.77741     1.10259
           8     1.84204     1.08349
           8     1.90667     1.07268
           8     1.97131     1.06797
           8     2.03594     1.04046
           8     2.10057     1.04387
           8     2.16521     1.06068
           8     2.22984     1.04383
           8     2.29447     1.02683
           8     2.35911     1.03467
           8     2.42374     1.02967
           8     2.48837     1.04131
           8     2.55301     1.02501
           8     2.61764     1.00872
           8     2.68227    0.983198
           8      2.7469      1.0193
           8     2.81154     1.00421
           8     2.87617     1.00625
           8      2.9408     1.00213
           8     3.00544     1.00071
           8     3.07007     1.00895
           8      3.1347    0.990188
           8     3.19934    0.993553
           8     3.26397    0.997804
           8      3.3286     1.00036
           8     3.39323     1.00398
           8     3.45787    0.995652
           8      3.5225    0.982897
           8     3.58713    0.989437
           8     3.65177    0.993226
           8      3.7164    0.995562
           8     3.78103     0.98869
           8     3.84567    0.981605
           8      3.9103    0.991564
           8     3.97493    0.985266
           8     4.03957    0.990262
           8      4.1042    0.988745
           8     4.16883    0.992054
           8     4.23346    0.994523
           8      4.2981    0.981339
           8     4.36273    0.995471
           8     4.42736    0.986148
           8       4.492    0.989783
           8     4.55663    0.989082
           8     4.62126    0.986933
           8      4.6859    0.980019
           8     4.75053    0.982276
           8     4.81516    0.988958
           8     4.87979    0.981241
           8     4.94443    0.982513
           8     5.00906    0.979039
           8     5.07369    0.985954
           8     5.13833    0.984623
           8     5.20296    0.980897
           8     5.26759    0.990803
           8     5.33223     0.98348
           8     5.39686    0.985052
           8     5.46149    0.981337
           8     5.52612    0.987963
           8     5.59076    0.985881
           8     5.65539     0.98452
           8     5.72002    0.987037
           8     5.78466    0.988625
           8     5.84929    0.984477
           8     5.91392    0.983631
           8     5.97856    0.977571
           8     6.04319     0.98074
           8     6.10782     0.98487
           8     6.17246    0.993713
           8     6.23709    0.989694
           8     6.30172    0.981634
           8     6.36635     0.99073
           8     6.43099    0.985393
           9   0.0323165           0
           9   0.0969496           0
           9    0.161583           0
           9    0.226216           0
           9    0.290849           0
           9    0.355482           0
           9    0.420115           0
           9    0.484748           0
           9    0.549381           0
           9    0.614014           0
           9    0.678647           0
           9     0.74328           0
           9    0.807913           0
           9    0.872546  0.00149671
           9    0.937179    0.158809
           9     1.00181     1.05284
           9     1.06645     2.01839
           9     1.13108     2.22661
           9     1.19571     2.11028
           9     1.26034     1.85811
           9     1.32498     1.61026
           9     1.38961     1.44048
           9     1.45424     1.38796
           9     1.51888     1.25932
           9     1.58351     1.19373
           9     1.64814     1.18403
           9     1.71278     1.11043
           9     1.77741      1.0852
           9     1.84204     1.06091
           9     1.90667     1.06917
           9     1.97131     1.05871
           9     2.03594     1.06104
           9     2.10057     1.06568
           9     2.16521     1.06448
           9     2.22984     1.04374
           9     2.29447      1.0584
           9     2.35911     1.03598
           9     2.42374     1.03518
           9     2.48837     1.03192
           9     2.55301     1.02921
           9     2.61764     1.02653
           9     2.68227     1.00129
           9      2.7469     1.01163
           9     2.81154     1.01316
           9     2.87617     1.00567
           9      2.9408     1.00703
           9     3.00544    0.991575
           9     3.07007     1.00109
           9      3.1347    0.997612
           9     3.19934     1.00008
           9     3.26397      0.9956
           9      3.3286     1.00199
           9     3.39323     1.00319
           9     3.45787     1.00524
           9      3.5225    0.991681
           9     3.58713    0.984653
           9     3.65177    0.990593
           9      3.7164    0.991996
           9     3.78103    0.989535
           9     3.84567    0.983702
           9      3.9103    0.995769
           9     3.97493    0.989076
           9     4.03957    0.983598
           9      4.1042    0.990302
           9     4.16883    0.977833
           9     4.23346    0.991521
           9      4.2981     0.99884
           9     4.36273    0.983696
           9     4.42736    0.992674
           9       4.492    0.990562
           9     4.55663    0.985699
           9     4.62126    0.990968
           9      4.6859    0.982251
           9     4.75053    0.983812
           9     4.81516    0.987709
           9     4.87979    0.992099
           9     4.94443    0.984714
           9     5.00906      0.9859
           9     5.07369     0.99265
           9     5.13833    0.977343
           9     5.20296     0.98451
           9     5.26759    0.981682
           9     5.33223    0.988661
           9     5.39686     0.98715
           9     5.46149    0.989509
           9     5.52612    0.987224
           9     5.59076    0.983984
           9     5.65539    0.985361
           9     5.72002    0.982333
           9     5.78466     0.98038
           9     5.84929    0.985857
           9     5.91392    0.983787
           9     5.97856     0.98712
           9     6.04319    0.982257
           9     6.10782    0.981894
           9     6.17246     0.98412
           9     6.23709    0.983903
           9     6.30172    0.984476
           9     6.36635    0.991945
           9     6.43099    0.986286
          10   0.0323165           0
          10   0.0969496           0
          10    0.161583           0
          10    0.226216           0
          10    0.290849           0
          10    0.355482           0
          10    0.420115           0
          10    0.484748           0
          10    0.549381           0
          10    0.614014           0
          10    0.678647           0
          10     0.74328           0
          10    0.807913           0
          10    0.872546  0.00119736
          10    0.937179    0.154917
          10     1.00181     1.07169
          10     1.06645     2.07631
          10     1.13108     2.30447
          10     1.19571     2.13722
          10     1.26034     1.84505
          10     1.32498     1.56975
          10     1.38961      1.4628
          10     1.45424     1.36155
          10     1.51888     1.24173
          10     1.58351     1.18991
          10     1.64814     1.13166
          10     1.71278     1.10561
          10     1.77741     1.08837
          10     1.84204     1.05742
          10     1.90667     1.06321
          10     1.97131      1.0573
          10     2.03594     1.06731
          10     2.10057     1.05793
          10     2.16521     1.04556
          10     2.22984      1.0564
          10     2.29447     1.04476
          10     2.35911     1.04806
          10     2.42374     1.02544
          10     2.48837     1.02364
          10     2.55301     1.01812
          10     2.61764     0.99974
          10     2.68227     1.01242
          10      2.7469     1.02099
          10     2.81154     1.00791
          10     2.87617     1.01342
          10      2.9408    0.989055
          10     3.00544    0.988445
          10     3.07007     1.00283
          10      3.1347     0.99151
          10     3.19934    0.996204
          10     3.26397    0.995214
          10      3.3286    0.987582
          10     3.39323    0.994854
          10     3.45787    0.995176
          10      3.5225    0.986609
          10     3.58713    0.980471
          10     3.65177    0.993226
          10      3.7164    0.981596
          10     3.78103    0.992501
          10     3.84567     1.00182
          10      3.9103    0.989073
          10     3.97493    0.991457
          10     4.03957    0.989983
          10      4.1042    0.992292
          10     4.16883    0.987318
          10     4.23346    0.979995
          10      4.2981    0.985425
          10     4.36273    0.990787
          10     4.42736    0.986683
          10       4.492    0.984574
          10     4.55663    0.987072
          10     4.62126    0.993915
          10      4.6859    0.996207
          10     4.75053    0.992632
          10     4.81516    0.990767
          10     4.87979    0.990203
          10     4.94443    0.988612
          10     5.00906    0.991143
          10     5.07369    0.980835
          10     5.13833    0.992973
          10     5.20296    0.987314
          10     5.26759    0.984648
          10     5.33223    0.984587
          10     5.39686    0.988113
          10     5.46149     0.98772
          10     5.52612     0.97545
          10     5.59076    0.979863
          10     5.65539    0.991327
          10     5.72002    0.983922
          10     5.78466    0.986519
          10     5.84929    0.989988
          10     5.91392    0.990789
          10     5.97856    0.988173
          10     6.04319    0.983818
          10     6.10782     0.98561
          10     6.17246     0.98388
          10     6.23709    0.986793
          10     6.30172    0.986325
          10     6.36635    0.986409
          10     6.43099     0.98407
          11   0.0323165           0
          11   0.0969496           0
          11    0.161583           0
          11    0.226216           0
          11    0.290849           0
          11    0.355482           0
          11    0.420115           0
          11    0.484748           0
          11    0.549381           0
          11    0.614014           0
          11    0.678647           0
          11     0.74328           0
          11    0.807913           0
          11    0.872546 0.000598682
          11    0.937179    0.149208
          11     1.00181     1.10871
          11     1.06645     2.07771
          11     1.13108      2.3091
          11     1.19571     2.11235
          11     1.26034     1.85423
          11     1.32498     1.59559
          11     1.38961     1.48393
          11     1.45424     1.33331
          11     1.51888     1.25478
          11     1.58351     1.23355
          11     1.64814     1.17245
          11     1.71278     1.12729
          11     1.77741     1.09934
          11     1.84204     1.11299
          11     1.90667      1.0634
          11     1.97131     1.05389
          11     2.03594     1.06329
          11     2.10057     1.05483
          11     2.16521     1.06487
          11     2.22984     1.04558
          11     2.29447     1.03956
          11     2.35911     1.03811
          11     2.42374     1.02823
          11     2.48837     1.04095
          11     2.55301     1.01637
          11     2.61764     1.01807
          11     2.68227     1.02855
          11      2.7469     1.01619
          11     2.81154     1.00658
          11     2.87617     1.00391
          11      2.9408     1.01389
          11     3.00544    0.995866
          11     3.07007     1.00053
          11      3.1347    0.994202
          11     3.19934    0.999166
          11     3.26397    0.999666
          11      3.3286     1.00291
          11     3.39323    0.986418
          11     3.45787    0.990199
          11      3.5225    0.996164
          11     3.58713    0.995514
          11     3.65177    0.997552
          11      3.7164    0.987357
          11     3.78103    0.995595
          11     3.84567    0.983594
          11      3.9103    0.993756
          11     3.97493    0.985699
          11     4.03957    0.990612
          11      4.1042    0.982005
          11     4.16883    0.988368
          11     4.23346    0.989409
          11      4.2981    0.987115
          11     4.36273    0.989218
          11     4.42736     0.98495
          11       4.492    0.984766
          11     4.55663    0.991212
          11     4.62126    0.991139
          11      4.6859    0.994431
          11     4.75053    0.984327
          11     4.81516    0.988014
          11     4.87979    0.987264
          11     4.94443    0.986625
          11     5.00906    0.983801
          11     5.07369    0.988682
          11     5.13833    0.984295
          11     5.20296    0.989429
          11     5.26759    0.986357
          11     5.33223     0.99016
          11     5.39686    0.985154
          11     5.46149    0.984884
          11     5.52612    0.985126
          11     5.59076    0.980534
          11     5.65539    0.986188
          11     5.72002    0.980048
          11     5.78466    0.983658
          11     5.84929    0.985297
          11     5.91392    0.986154
          11     5.97856    0.992344
          11     6.04319    0.985141
          11     6.10782    0.988238
          11     6.17246    0.983102
          11     6.23709    0.987812
          11     6.30172    0.992233
          11     6.36635    0.990786
          11     6.43099    0.986308
          12   0.0323165           0
          12   0.0969496           0
          12    0.161583           0
          12    0.226216           0
          12    0.290849           0
          12    0.355482           0
          12    0.420115           0
          12    0.484748           0
          12    0.549381           0
          12    0.614014           0
          12    0.678647           0
          12     0.74328           0
          12    0.807913           0
          12    0.872546  0.00149671
          12    0.937179    0.144018
          12     1.00181     1.02059
          12     1.06645     2.05947
          12     1.13108     2.26599
          12     1.19571     2.11841
          12     1.26034     1.80759
          12     1.32498     1.59442
          12     1.38961     1.42278
          12     1.45424     1.33568
          12     1.51888     1.25577
          12     1.58351     1.19127
          12     1.64814     1.11714
          12     1.71278     1.11323
          12     1.77741     1.08361
          12     1.84204      1.0929
          12     1.90667     1.07475
          12     1.97131     1.05337
          12     2.03594     1.06203
          12     2.10057     1.06175
          12     2.16521     1.06409
          12     2.22984     1.05443
          12     2.29447     1.04527
          12     2.35911     1.03553
          12     2.42374     1.03114
          12     2.48837     1.03196
          12     2.55301     1.02812
          12     2.61764     1.01784
          12     2.68227     1.01232
          12      2.7469     1.00531
          12     2.81154     1.01546
          12     2.87617     1.00702
          12      2.9408     1.00411
          12     3.00544    0.997053
          12     3.07007     1.00189
          12      3.1347    0.999886
          12     3.19934     1.00511
          12     3.26397     1.00018
          12      3.3286    0.996945
          12     3.39323    0.997388
          12     3.45787    0.991762
          12      3.5225      1.0021
          12     3.58713    0.985734
          12     3.65177    0.999176
          12      3.7164    0.987324
          12     3.78103    0.987525
          12     3.84567    0.990362
          12      3.9103    0.993726
          12     3.97493    0.992611
          12     4.03957     0.99634
          12      4.1042    0.996542
          12     4.16883    0.988525
          12     4.23346    0.981993
          12      4.2981    0.986943
          12     4.36273    0.995806
          12     4.42736    0.983671
          12       4.492    0.988189
          12     4.55663    0.988675
          12     4.62126    0.981808
          12      4.6859    0.986062
          12     4.75053    0.985651
          12     4.81516     0.98643
          12     4.87979    0.981375
          12     4.94443    0.986737
          12     5.00906     0.97595
          12     5.07369    0.986636
          12     5.13833    0.986315
          12     5.20296    0.981663
          12     5.26759    0.983301
          12     5.33223    0.986488
          12     5.39686    0.991276
          12     5.46149    0.983852
          12     5.52612    0.996093
          12     5.59076    0.983853
          12     5.65539    0.980934
          12     5.72002    0.989379
          12     5.78466    0.983453
          12     5.84929    0.989042
          12     5.91392    0.983416
          12     5.97856    0.989869
          12     6.04319    0.987364
          12     6.10782    0.989081
          12     6.17246    0.984173
          12     6.23709    0.982344
          12     6.30172    0.984562
          12     6.36635    0.984429
          12     6.43099    0.990636
          13   0.0323165           0
          13   0.0969496           0
          13    0.161583           0
          13    0.226216           0
          13    0.290849           0
          13    0.355482           0
          13    0.420115           0
          13    0.484748           0
          13    0.549381           0
          13    0.614014           0
          13    0.678647           0
          13     0.74328           0
          13    0.807913           0
          13    0.872546           0
          13    0.937179    0.147911
          13     1.00181     1.10984
          13     1.06645     2.00476
          13     1.13108     2.28327
          13     1.19571      2.0253
          13     1.26034     1.81319
          13     1.32498     1.63519
          13     1.38961     1.41215
          13     1.45424     1.35498
          13     1.51888     1.22582
          13     1.58351     1.18363
          13     1.64814     1.14492
          13     1.71278     1.08463
          13     1.77741     1.07589
          13     1.84204     1.08053
          13     1.90667     1.05512
          13     1.97131     1.04785
          13     2.03594     1.06791
          13     2.10057     1.05627
          13     2.16521     1.06594
          13     2.22984     1.05213
          13     2.29447     1.04411
          13     2.35911     1.02721
          13     2.42374     1.02183
          13     2.48837     1.02033
          13     2.55301     1.02375
          13     2.61764     1.02899
          13     2.68227     1.00906
          13      2.7469       1.008
          13     2.81154    0.999282
          13     2.87617    0.984698
          13      2.9408    0.993589
          13     3.00544     1.00132
          13     3.07007    0.998814
          13      3.1347      1.0046
          13     3.19934    0.999055
          13     3.26397    0.987874
          13      3.3286     1.00458
          13     3.39323    0.990339
          13     3.45787     0.99939
          13      3.5225    0.997156
          13     3.58713     0.99337
          13     3.65177     0.98755
          13      3.7164     0.99084
          13     3.78103    0.989296
          13     3.84567    0.994925
          13      3.9103    0.982945
          13     3.97493    0.989855
          13     4.03957     0.99152
          13      4.1042    0.989233
          13     4.16883    0.994862
          13     4.23346    0.994803
          13      4.2981    0.999062
          13     4.36273     1.00231
          13     4.42736     0.98787
          13       4.492    0.984833
          13     4.55663    0.986808
          13     4.62126    0.990573
          13      4.6859     0.99305
          13     4.75053    0.983893
          13     4.81516    0.988987
          13     4.87979    0.987082
          13     4.94443    0.992212
          13     5.00906    0.988681
          13     5.07369    0.989789
          13     5.13833    0.986177
          13     5.20296    0.982733
          13     5.26759    0.990244
          13     5.33223    0.985156
          13     5.39686    0.987957
          13     5.46149    0.988599
          13     5.52612    0.984969
          13     5.59076    0.990914
          13     5.65539    0.980848
          13     5.72002     0.98818
          13     5.78466    0.989947
          13     5.84929    0.984077
          13     5.91392    0.985202
          13     5.97856    0.981028
          13     6.04319    0.986808
          13     6.10782    0.986484
          13     6.17246    0.987231
          13     6.23709    0.981178
          13     6.30172    0.986979
          13     6.36635    0.986438
          13     6.43099     0.98149
          14   0.0323165           0
          14   0.0969496           0
          14    0.161583           0
          14    0.226216           0
          14    0.290849           0
          14    0.355482           0
          14    0.420115           0
          14    0.484748           0
          14    0.549381           0
          14    0.614014           0
          14    0.678647           0
          14     0.74328           0
          14    0.807913           0
          14    0.872546 0.000299341
          14    0.937179     0.15855
          14     1.00181     1.04285
          14     1.06645     2.03362
          14     1.13108     2.26278
          14     1.19571     2.10406
          14     1.26034     1.85926
          14     1.32498     1.66389
          14     1.38961     1.48936
          14     1.45424     1.36306
          14     1.51888     1.28838
          14     1.58351         1.2
          14     1.64814      1.1581
          14     1.71278     1.10895
          14     1.77741     1.08585
          14     1.84204     1.08047
          14     1.90667     1.07055
          14     1.97131     1.06909
          14     2.03594     1.05146
          14     2.10057     1.07477
          14     2.16521     1.07829
          14     2.22984     1.05837
          14     2.29447     1.05757
          14     2.35911     1.05257
          14     2.42374     1.03972
          14     2.48837     1.03432
          14     2.55301     1.02924
          14     2.61764     1.02979
          14     2.68227     1.01898
          14      2.7469      1.0086
          14     2.81154     1.01157
          14     2.87617     1.00338
          14      2.9408     1.00616
          14     3.00544     1.00127
          14     3.07007     1.00796
          14      3.1347     1.00188
          14     3.19934     0.99264
          14     3.26397     0.99881
          14      3.3286    0.986307
          14     3.39323    0.992695
          14     3.45787    0.996701
          14      3.5225    0.986223
          14     3.58713    0.995514
          14     3.65177    0.997586
          14      3.7164    0.998087
          14     3.78103    0.996424
          14     3.84567    0.978892
          14      3.9103    0.994814
          14     3.97493    0.991139
          14     4.03957    0.985777
          14      4.1042    0.981693
          14     4.16883    0.990244
          14     4.23346    0.979385
          14      4.2981    0.984931
          14     4.36273    0.985037
          14     4.42736    0.991197
          14       4.492    0.982257
          14     4.55663    0.984404
          14     4.62126    0.981755
          14      4.6859    0.987204
          14     4.75053    0.977861
          14     4.81516    0.984926
          14     4.87979    0.987809
          14     4.94443    0.978512
          14     5.00906    0.990289
          14     5.07369     0.98986
          14     5.13833     0.98698
          14     5.20296    0.984931
          14     5.26759     0.98639
          14     5.33223    0.979784
          14     5.39686    0.983127
          14     5.46149    0.986718
          14     5.52612    0.980026
          14     5.59076    0.984743
          14     5.65539    0.990465
          14     5.72002    0.983009
          14     5.78466    0.984175
          14     5.84929    0.984071
          14     5.91392    0.981688
          14     5.97856    0.985181
          14     6.04319     0.98762
          14     6.10782    0.982138
          14     6.17246    0.990702
          14     6.23709    0.980633
          14     6.30172    0.981732
          14     6.36635    0.987495
          14     6.43099     0.98482
          15   0.0323165           0
          15   0.0969496           0
          15    0.161583           0
          15    0.226216           0
          15    0.290849           0
          15    0.355482           0
          15    0.420115           0
          15    0.484748           0
          15    0.549381           0
          15    0.614014           0
          15    0.678647           0
          15     0.74328           0
          15    0.807913           0
          15    0.872546 0.000598682
          15    0.937179    0.156474
          15     1.00181     1.04943
          15     1.06645     2.07931
          15     1.13108     2.30019
          15     1.19571     2.08302
          15     1.26034     1.92828
          15     1.32498     1.66246
          15     1.38961     1.46256
          15     1.45424     1.34107
          15     1.51888     1.30083
          15     1.58351     1.19127
          15     1.64814     1.13753
          15     1.71278     1.14237
          15     1.77741     1.09112
          15     1.84204     1.09108
          15     1.90667     1.07262
          15     1.97131      1.0702
          15     2.03594     1.07061
          15     2.10057     1.07028
          15     2.16521     1.05816
          15     2.22984     1.05498
          15     2.29447     1.06091
          15     2.35911     1.04962
          15     2.42374     1.05043
          15     2.48837     1.05148
          15     2.55301     1.03008
          15     2.61764     1.03405
          15     2.68227     1.01812
          15      2.7469     1.02181
          15     2.81154     1.00413
          15     2.87617     1.01656
          15      2.9408     1.00445
          15     3.00544     1.01088
          15     3.07007     1.00619
          15      3.1347     1.01436
          15     3.19934     1.00438
          15     3.26397     0.99836
          15      3.3286     1.00328
          15     3.39323    0.999863
          15     3.45787    0.995271
          15      3.5225    0.999747
          15     3.58713    0.995178
          15     3.65177    0.997689
          15      3.7164    0.988364
          15     3.78103    0.992693
          15     3.84567    0.999103
          15      3.9103    0.998736
          15     3.97493    0.985411
          15     4.03957    0.991799
          15      4.1042     0.99393
          15     4.16883    0.993576
          15     4.23346    0.989995
          15      4.2981      0.9932
          15     4.36273    0.984582
          15     4.42736    0.995349
          15       4.492    0.988472
          15     4.55663    0.989444
          15     4.62126    0.995121
          15      4.6859    0.985937
          15     4.75053    0.997613
          15     4.81516     0.98643
          15     4.87979    0.987312
          15     4.94443    0.987745
          15     5.00906    0.989762
          15     5.07369    0.989081
          15     5.13833    0.985365
          15     5.20296    0.987744
          15     5.26759    0.990515
          15     5.33223    0.983055
          15     5.39686    0.989945
          15     5.46149    0.981161
          15     5.52612    0.991285
          15     5.59076    0.983328
          15     5.65539     0.98524
          15     5.72002     0.98379
          15     5.78466    0.986158
          15     5.84929    0.989075
          15     5.91392    0.979263
          15     5.97856    0.987898
          15     6.04319    0.982013
          15     6.10782    0.986606
          15     6.17246      0.9871
          15     6.23709    0.985222
          15     6.30172    0.982323
          15     6.36635    0.988947
          15     6.43099    0.983006
          16   0.0323165           0
          16   0.0969496           0
          16    0.161583           0
          16    0.226216           0
          16    0.290849           0
          16    0.355482           0
          16    0.420115           0
          16    0.484748           0
          16    0.549381           0
          16    0.614014           0
          16    0.678647           0
          16     0.74328           0
          16    0.807913           0
          16    0.872546  0.00119736
          16    0.937179      0.1531
          16     1.00181     1.05556
          16     1.06645     2.02761
          16     1.13108     2.28986
          16     1.19571     2.08924
          16     1.26034     1.82496
          16     1.32498     1.61195
          16     1.38961      1.4648
          16     1.45424     1.33924
          16     1.51888     1.24974
          16     1.58351     1.20055
          16     1.64814     1.13988
          16     1.71278     1.13025
          16     1.77741     1.10591
          16     1.84204     1.08618
          16     1.90667     1.09062
          16     1.97131     1.08534
          16     2.03594     1.04349
          16     2.10057     1.04599
          16     2.16521     1.05179
          16     2.22984     1.03824
          16     2.29447     1.04679
          16     2.35911     1.02791
          16     2.42374     1.02591
          16     2.48837     1.02533
          16     2.55301     1.03834
          16     2.61764     1.01611
          16     2.68227     1.01429
          16      2.7469    0.997999
          16     2.81154     1.01142
          16     2.87617    0.997541
          16      2.9408     1.00171
          16     3.00544     1.00263
          16     3.07007    0.999854
          16      3.1347    0.974503
          16     3.19934    0.999144
          16     3.26397      1.0112
          16      3.3286    0.986595
          16     3.39323    0.994358
          16     3.45787    0.991267
          16      3.5225     1.00135
          16     3.58713    0.991138
          16     3.65177    0.990388
          16      3.7164    0.998186
          16     3.78103    0.998928
          16     3.84567    0.986307
          16      3.9103     0.99131
          16     3.97493    0.993621
          16     4.03957    0.987021
          16      4.1042    0.988962
          16     4.16883    0.997118
          16     4.23346    0.988137
          16      4.2981    0.983092
          16     4.36273    0.991218
          16     4.42736    0.989522
          16       4.492    0.987929
          16     4.55663    0.994967
          16     4.62126     0.99495
          16      4.6859    0.997691
          16     4.75053    0.980518
          16     4.81516    0.981209
          16     4.87979    0.983003
          16     4.94443    0.986243
          16     5.00906    0.989235
          16     5.07369    0.988735
          16     5.13833    0.988301
          16     5.20296    0.979953
          16     5.26759    0.992389
          16     5.33223    0.988083
          16     5.39686    0.992121
          16     5.46149    0.986986
          16     5.52612    0.989635
          16     5.59076    0.987318
          16     5.65539    0.985033
          16     5.72002    0.990814
          16     5.78466    0.989422
          16     5.84929     0.98561
          16     5.91392    0.982718
          16     5.97856      0.9858
          16     6.04319    0.990186
          16     6.10782    0.985182
          16     6.17246     0.98938
          16     6.23709     0.99338
          16     6.30172      0.9852
          16     6.36635    0.987681
          16     6.43099    0.985404
          17   0.0323165           0
          17   0.0969496           0
          17    0.161583           0
          17    0.226216           0
          17    0.290849           0
          17    0.355482           0
          17    0.420115           0
          17    0.484748           0
          17    0.549381           0
          17    0.614014           0
          17    0.678647           0
          17     0.74328           0
          17    0.807913           0
          17    0.872546 0.000598682
          17    0.937179     0.15855
          17     1.00181     1.07169
          17     1.06645     2.00857
          17     1.13108     2.28416
          17     1.19571     2.02562
          17     1.26034     1.86485
          17     1.32498     1.61065
          17     1.38961     1.42951
          17     1.45424     1.31078
          17     1.51888     1.23096
          17     1.58351     1.18791
          17     1.64814     1.12016
          17     1.71278     1.10351
          17     1.77741     1.08527
          17     1.84204     1.07052
          17     1.90667      1.0333
          17     1.97131     1.04609
          17     2.03594     1.04118
          17     2.10057     1.02398
          17     2.16521     1.04089
          17     2.22984     1.03045
          17     2.29447     1.03947
          17     2.35911     1.03221
          17     2.42374     1.02656
          17     2.48837     1.02953
          17     2.55301     1.00416
          17     2.61764      1.0062
          17     2.68227     1.00361
          17      2.7469      1.0064
          17     2.81154     1.00453
          17     2.87617     0.99925
          17      2.9408     1.00023
          17     3.00544     1.00859
          17     3.07007    0.989985
          17      3.1347     1.00072
          17     3.19934    0.977916
          17     3.26397     1.00074
          17      3.3286    0.980421
          17     3.39323    0.994814
          17     3.45787     1.00084
          17      3.5225    0.991809
          17     3.58713     0.98747
          17     3.65177    0.986593
          17      3.7164    0.976347
          17     3.78103    0.990524
          17     3.84567    0.990038
          17      3.9103    0.985346
          17     3.97493    0.994516
          17     4.03957     1.00042
          17      4.1042    0.993415
          17     4.16883     0.98619
          17     4.23346    0.999548
          17      4.2981    0.984696
          17     4.36273     0.99038
          17     4.42736      0.9878
          17       4.492    0.988822
          17     4.55663    0.987412
          17     4.62126    0.985128
          17      4.6859    0.982718
          17     4.75053    0.984267
          17     4.81516     0.97878
          17     4.87979    0.990596
          17     4.94443    0.981617
          17     5.00906    0.990425
          17     5.07369    0.988496
          17     5.13833    0.987792
          17     5.20296    0.984316
          17     5.26759    0.984878
          17     5.33223    0.980858
          17     5.39686    0.989851
          17     5.46149    0.985358
          17     5.52612    0.987873
          17     5.59076    0.976916
          17     5.65539    0.984562
          17     5.72002    0.987852
          17     5.78466    0.985238
          17     5.84929    0.991448
          17     5.91392    0.987966
          17     5.97856     0.98166
          17     6.04319    0.987607
          17     6.10782    0.987419
          17     6.17246    0.984293
          17     6.23709      0.9847
          17     6.30172    0.987519
          17     6.36635    0.984311
          17     6.43099      0.9845
          18   0.0323165           0
          18   0.0969496           0
          18    0.161583           0
          18    0.226216           0
          18    0.290849           0
          18    0.355482           0
          18    0.420115           0
          18    0.484748           0
          18    0.549381           0
          18    0.614014           0
          18    0.678647           0
          18     0.74328           0
          18    0.807913           0
          18    0.872546 0.000598682
          18    0.937179    0.147132
          18     1.00181     1.05329
          18     1.06645      2.0224
          18     1.13108     2.29182
          18     1.19571     2.12001
          18     1.26034     1.82123
          18     1.32498     1.60727
          18     1.38961     1.46221
          18     1.45424     1.35271
          18     1.51888     1.26219
          18     1.58351     1.20227
          18     1.64814     1.11941
          18     1.71278     1.09473
          18     1.77741     1.07409
          18     1.84204     1.10976
          18     1.90667     1.05418
          18     1.97131     1.06088
          18     2.03594     1.04712
          18     2.10057      1.0464
          18     2.16521     1.04323
          18     2.22984     1.04576
          18     2.29447     1.03428
          18     2.35911     1.02291
          18     2.42374     1.02948
          18     2.48837     1.02452
          18     2.55301     1.01917
          18     2.61764     1.02519
          18     2.68227     1.03301
          18      2.7469     0.99386
          18     2.81154     1.00788
          18     2.87617    0.991175
          18      2.9408    0.998308
          18     3.00544    0.996548
          18     3.07007    0.990566
          18      3.1347     1.00761
          18     3.19934    0.989766
          18     3.26397     0.98995
          18      3.3286    0.992274
          18     3.39323    0.973032
          18     3.45787    0.995443
          18      3.5225    0.996734
          18     3.58713    0.988267
          18     3.65177    0.993722
          18      3.7164    0.979467
          18     3.78103    0.985117
          18     3.84567    0.986092
          18      3.9103    0.987657
          18     3.97493    0.986363
          18     4.03957    0.989787
          18      4.1042    0.993402
          18     4.16883    0.997341
          18     4.23346    0.982731
          18      4.2981    0.984314
          18     4.36273    0.989278
          18     4.42736    0.990708
          18       4.492    0.985308
          18     4.55663    0.989751
          18     4.62126    0.987242
          18      4.6859    0.978658
          18     4.75053    0.988308
          18     4.81516    0.983608
          18     4.87979    0.987982
          18     4.94443    0.990197
          18     5.00906    0.990316
          18     5.07369    0.979825
          18     5.13833    0.993146
          18     5.20296     0.98851
          18     5.26759    0.986119
          18     5.33223    0.981011
          18     5.39686    0.981287
          18     5.46149    0.989967
          18     5.52612    0.987366
          18     5.59076    0.989207
          18     5.65539    0.987385
          18     5.72002    0.988068
          18     5.78466    0.991255
          18     5.84929    0.984657
          18     5.91392    0.984361
          18     5.97856     0.98712
          18     6.04319    0.985678
          18     6.10782    0.986184
          18     6.17246    0.986334
          18     6.23709    0.987408
          18     6.30172     0.98644
          18     6.36635    0.985155
          18     6.43099    0.991832
          19   0.0323165           0
          19   0.0969496           0
          19    0.161583           0
          19    0.226216           0
          19    0.290849           0
          19    0.355482           0
          19    0.420115           0
          19    0.484748           0
          19    0.549381           0
          19    0.614014           0
          19    0.678647           0
          19     0.74328           0
          19    0.807913           0
          19    0.872546           0
          19    0.937179    0.153879
          19     1.00181     1.02695
          19     1.06645     1.99013
          19     1.13108     2.21788
          19     1.19571     2.04906
          19     1.26034     1.83414
          19     1.32498     1.61052
          19     1.38961     1.47673
          19     1.45424     1.33902
          19     1.51888     1.25448
          19     1.58351     1.19682
          19     1.64814     1.14542
          19     1.71278     1.09465
          19     1.77741     1.07791
          19     1.84204      1.0849
          19     1.90667     1.06591
          19     1.97131     1.05049
          19     2.03594     1.05779
          19     2.10057     1.05875
          19     2.16521     1.04644
          19     2.22984     1.05892
          19     2.29447     1.04844
          19     2.35911     1.03971
          19     2.42374     1.03592
          19     2.48837     1.02946
          19     2.55301     1.03197
          19     2.61764     1.01571
          19     2.68227     1.01853
          19      2.7469     1.00891
          19     2.81154     1.02256
          19     2.87617     1.01471
          19      2.9408     1.00361
          19     3.00544     1.00879
          19     3.07007     1.00539
          19      3.1347     1.00337
          19     3.19934      1.0062
          19     3.26397    0.998082
          19      3.3286    0.993283
          19     3.39323     1.00153
          19     3.45787     1.00137
          19      3.5225     1.00467
          19     3.58713     1.00797
          19     3.65177    0.992354
          19      3.7164    0.999721
          19     3.78103    0.992597
          19     3.84567    0.996051
          19      3.9103       0.988
          19     3.97493    0.994083
          19     4.03957      1.0025
          19      4.1042    0.980299
          19     4.16883    0.983251
          19     4.23346     1.00128
          19      4.2981     0.99531
          19     4.36273    0.996585
          19     4.42736    0.995535
          19       4.492    0.996144
          19     4.55663    0.988192
          19     4.62126    0.999755
          19      4.6859    0.991212
          19     4.75053    0.994269
          19     4.81516    0.982674
          19     4.87979    0.993296
          19     4.94443     0.99113
          19     5.00906    0.990344
          19     5.07369     0.98986
          19     5.13833    0.986825
          19     5.20296    0.996419
          19     5.26759    0.993646
          19     5.33223    0.983825
          19     5.39686    0.984356
          19     5.46149    0.988905
          19     5.52612    0.994309
          19     5.59076    0.985502
          19     5.65539    0.990629
          19     5.72002    0.994215
          19     5.78466    0.986179
          19     5.84929    0.988649
          19     5.91392    0.987999
          19     5.97856    0.981845
          19     6.04319    0.984748
          19     6.10782    0.979798
          19     6.17246     0.98689
          19     6.23709    0.987742
          19     6.30172    0.985251
          19     6.36635    0.988992
          19     6.43099    0.983596
          20   0.0323165           0
          20   0.0969496           0
          20    0.161583           0
          20    0.226216           0
          20    0.290849           0
          20    0.355482           0
          20    0.420115           0
          20    0.484748           0
          20    0.549381           0
          20    0.614014           0
          20    0.678647           0
          20     0.74328           0
          20    0.807913           0
          20    0.872546  0.00119736
          20    0.937179    0.145316
          20     1.00181     1.05738
          20     1.06645     2.00756
          20     1.13108     2.23837
          20     1.19571     2.08684
          20     1.26034     1.85624
          20     1.32498     1.57987
          20     1.38961     1.43116
          20     1.45424     1.35131
          20     1.51888     1.24391
          20     1.58351     1.16545
          20     1.64814     1.14156
          20     1.71278     1.12123
          20     1.77741     1.07409
          20     1.84204     1.08336
          20     1.90667     1.05964
          20     1.97131     1.05137
          20     2.03594     1.06131
          20     2.10057     1.05085
          20     2.16521     1.05266
          20     2.22984     1.04925
          20     2.29447     1.02791
          20     2.35911     1.03672
          20     2.42374      1.0327
          20     2.48837     1.01837
          20     2.55301     1.02924
          20     2.61764     1.01528
          20     2.68227     1.00975
          20      2.7469     1.00395
          20     2.81154     1.01085
          20     2.87617    0.999746
          20      2.9408     1.00458
          20     3.00544     1.01858
          20     3.07007    0.996081
          20      3.1347     1.00105
          20     3.19934     1.00008
          20     3.26397    0.999088
          20      3.3286    0.994867
          20     3.39323     1.00743
          20     3.45787     1.00255
          20      3.5225     1.00006
          20     3.58713    0.997145
          20     3.65177     1.00366
          20      3.7164     0.98668
          20     3.78103    0.990938
          20     3.84567    0.982453
          20      3.9103     0.99222
          20     3.97493    0.995584
          20     4.03957    0.987747
          20      4.1042    0.988908
          20     4.16883    0.991188
          20     4.23346    0.986738
          20      4.2981    0.989966
          20     4.36273    0.993626
          20     4.42736     0.99607
          20       4.492    0.992992
          20     4.55663    0.985469
          20     4.62126    0.985694
          20      4.6859    0.989011
          20     4.75053    0.988783
          20     4.81516    0.995094
          20     4.87979    0.991955
          20     4.94443    0.988724
          20     5.00906    0.988263
          20     5.07369    0.986494
          20     5.13833    0.996764
          20     5.20296    0.987559
          20     5.26759    0.986785
          20     5.33223     0.99417
          20     5.39686    0.986086
          20     5.46149    0.982851
          20     5.52612    0.989404
          20     5.59076    0.985655
          20     5.65539    0.987963
          20     5.72002    0.994626
          20     5.78466    0.987603
          20     5.84929    0.990595
          20     5.91392    0.977483
          20     5.97856    0.989206
          20     6.04319    0.983793
          20     6.10782     0.99306
          20     6.17246    0.983425
          20     6.23709     0.98361
          20     6.30172    0.987341
          20     6.36635    0.983895
          20     6.43099    0.986203
