   0.0323165           0           0
   0.0969496           0           0
    0.161583           0           0
    0.226216           0           0
    0.290849           0           0
    0.355482           0           0
    0.420115           0           0
    0.484748           0           0
    0.549381           0           0
    0.614014           0           0
    0.678647           0           0
     0.74328           0           0
    0.807913           0           0
    0.872546 0.000718419 0.000104555
    0.937179    0.150583  0.00175336
     1.00181     1.06058  0.00515441
     1.06645     2.04241  0.00806798
     1.13108     2.27712  0.00625472
     1.19571     2.08917   0.0095661
     1.26034     1.84062  0.00662292
     1.32498     1.60993  0.00620111
     1.38961     1.45443  0.00511787
     1.45424     1.34544  0.00366696
     1.51888     1.25027  0.00464778
     1.58351     1.18944  0.00305776
     1.64814     1.14427  0.00392958
     1.71278      1.1101   0.0031426
     1.77741     1.09087  0.00272171
     1.84204     1.08293  0.00343199
     1.90667     1.06615  0.00288173
     1.97131     1.05915  0.00220582
     2.03594     1.05554  0.00225504
     2.10057      1.0541  0.00245114
     2.16521     1.05583  0.00225715
     2.22984     1.05129  0.00219672
     2.29447     1.04388  0.00243604
     2.35911     1.03767  0.00221628
     2.42374      1.0311  0.00165904
     2.48837     1.02672  0.00235307
     2.55301     1.02112  0.00199184
     2.61764     1.01837  0.00211212
     2.68227     1.01271  0.00244204
      2.7469     1.01059  0.00188043
     2.81154     1.00731  0.00182242
     2.87617      1.0064  0.00219815
      2.9408     1.00241  0.00161393
     3.00544     1.00251  0.00175902
     3.07007     1.00011  0.00119476
      3.1347    0.999261  0.00203104
     3.19934    0.998262  0.00146613
     3.26397    0.999202  0.00133297
      3.3286    0.996639  0.00161121
     3.39323     0.99702  0.00174471
     3.45787    0.996783  0.00116757
      3.5225    0.993571  0.00154555
     3.58713    0.991029  0.00136727
     3.65177    0.993871  0.00108211
      3.7164    0.989614  0.00144854
     3.78103    0.991112 0.000804366
     3.84567    0.990038  0.00157581
      3.9103    0.992141 0.000964815
     3.97493    0.991046 0.000781637
     4.03957    0.991252  0.00126905
      4.1042    0.989595 0.000976458
     4.16883    0.990136  0.00126976
     4.23346    0.990234  0.00136777
      4.2981    0.989941   0.0014471
     4.36273    0.990658  0.00109914
     4.42736    0.990394  0.00121483
       4.492     0.98858 0.000884758
     4.55663    0.987395 0.000823143
     4.62126    0.988314  0.00109875
      4.6859    0.987246  0.00117882
     4.75053    0.987358  0.00106564
     4.81516      0.9866 0.000848416
     4.87979    0.987738 0.000971507
     4.94443    0.987226 0.000800901
     5.00906    0.987034  0.00102783
     5.07369    0.987031 0.000768488
     5.13833    0.987632 0.000878894
     5.20296    0.986407 0.000894277
     5.26759    0.987432 0.000775303
     5.33223    0.985862 0.000987061
     5.39686    0.987549 0.000727557
     5.46149    0.986193 0.000584988
     5.52612    0.987004  0.00112605
     5.59076    0.985713  0.00102827
     5.65539    0.986497 0.000725856
     5.72002    0.986614  0.00088451
     5.78466    0.986696 0.000736916
     5.84929    0.986732 0.000541552
     5.91392    0.984807 0.000832082
     5.97856    0.985547 0.000786396
     6.04319     0.98595 0.000617857
     6.10782    0.985962 0.000745039
     6.17246    0.985926 0.000805609
     6.23709    0.986017 0.000720121
     6.30172    0.985767 0.000718332
     6.36635    0.987474 0.000673819
     6.43099    0.986038 0.000646066
