           1   0.0488546   0.0488546           0
           2   0.0492171   0.0490358 0.000128191
           3   0.0491746   0.0490821 9.34373e-05
           4    0.048832   0.0490196 8.85662e-05
           5    0.049244   0.0490645 8.14364e-05
           6   0.0486419    0.048994 9.34796e-05
           7   0.0492549   0.0490313 8.72367e-05
           8   0.0489805   0.0490249 7.65628e-05
           9   0.0490056   0.0490228 6.80859e-05
          10    0.049153   0.0490358 6.25105e-05
          11   0.0491775   0.0490487 5.81387e-05
          12   0.0487828   0.0490265 5.73615e-05
          13   0.0494068   0.0490558 5.99461e-05
          14   0.0485462   0.0490194 6.57943e-05
          15   0.0486981    0.048998    6.48e-05
          16   0.0488805   0.0489906 6.11649e-05
          17   0.0493935   0.0490143 6.19881e-05
          18     0.04876   0.0490002 6.01334e-05
          19   0.0488092   0.0489902 5.78024e-05
          20   0.0489131   0.0489863 5.50406e-05
