           1   -0.419216   -0.419216           0
           2   -0.416523   -0.417869 0.000952009
           3   -0.410209   -0.415316  0.00217931
           4   -0.414625   -0.415143  0.00164131
           5   -0.412764   -0.414667  0.00138031
           6   -0.413915   -0.414542  0.00115594
           7   -0.414696   -0.414564 0.000991011
           8   -0.416893   -0.414855 0.000908883
           9   -0.414459   -0.414811 0.000808961
          10   -0.416768   -0.415007  0.00075137
          11   -0.419076   -0.415377 0.000768744
          12   -0.413969   -0.415259 0.000713581
          13   -0.411333   -0.414957 0.000719779
          14   -0.418557   -0.415214 0.000712803
          15   -0.420871   -0.415592 0.000758513
          16   -0.415188   -0.415566 0.000711524
          17    -0.41082   -0.415287 0.000722364
          18   -0.415311   -0.415288 0.000682234
          19    -0.41113    -0.41507 0.000680524
          20   -0.412097   -0.414921 0.000662529
