           1     1.25371     1.25371           0
           2     1.34698     1.30034   0.0329736
           3     1.45809     1.35293   0.0482334
           4      1.4121     1.36772   0.0383763
           5     1.36451     1.36708   0.0307064
           6     1.44758      1.3805    0.028369
           7     1.33576      1.3741   0.0250258
           8     1.40933     1.37851   0.0222815
           9     1.38093     1.37878   0.0198074
          10     1.39777     1.38068   0.0179174
          11     1.45503     1.38744   0.0175173
          12     1.50329     1.39709   0.0185279
          13     1.39042     1.39658   0.0171098
          14     1.35981     1.39395    0.016088
          15     1.36827     1.39224   0.0151063
          16     1.35578     1.38996   0.0143329
          17     1.36713     1.38862   0.0135526
          18     1.44533     1.39177   0.0131608
          19     1.31745     1.38786   0.0130364
          20     1.34195     1.38556    0.012585
