   0.0128248           0           0
   0.0384745           0           0
   0.0641241           0           0
   0.0897737           0           0
    0.115423           0           0
    0.141073           0           0
    0.166723           0           0
    0.192372           0           0
    0.218022           0           0
    0.243672           0           0
    0.269321           0           0
    0.294971           0           0
     0.32062           0           0
     0.34627           0           0
     0.37192           0           0
    0.397569           0           0
    0.423219           0           0
    0.448869           0           0
    0.474518           0           0
    0.500168           0           0
    0.525818           0           0
    0.551467           0           0
    0.577117           0           0
    0.602767           0           0
    0.628416           0           0
    0.654066           0           0
    0.679715           0           0
    0.705365           0           0
    0.731015           0           0
    0.756664           0           0
    0.782314           0           0
    0.807964           0           0
    0.833613           0           0
    0.859263 1.70208e-05 7.89782e-06
    0.884913  0.00125407 4.87716e-05
    0.910562   0.0243401   0.0003469
    0.936212    0.165628  0.00104898
    0.961861    0.562459  0.00238009
    0.987511     1.20042  0.00363913
     1.01316     1.85662   0.0046898
     1.03881       2.335  0.00435401
     1.06446      2.5506  0.00388276
     1.09011     2.54497  0.00375842
     1.11576     2.40653  0.00417409
     1.14141     2.20049  0.00309476
     1.16706     1.96971   0.0037691
     1.19271     1.75958  0.00312937
     1.21836     1.55789  0.00362271
     1.24401     1.39063  0.00268224
     1.26966     1.24491  0.00241302
     1.29531     1.12597  0.00239499
     1.32096     1.02671  0.00251263
     1.34661    0.942499  0.00200868
     1.37226    0.873054  0.00235375
     1.39791    0.818466   0.0015898
     1.42355    0.773239  0.00162694
      1.4492    0.738818  0.00148615
     1.47485    0.713126  0.00218626
      1.5005    0.693138  0.00176831
     1.52615     0.67875  0.00173481
      1.5518     0.67261  0.00187213
     1.57745    0.672016   0.0019772
      1.6031    0.677657  0.00150008
     1.62875    0.687076  0.00154542
      1.6544    0.702651  0.00143607
     1.68005    0.725958  0.00125563
      1.7057     0.75013  0.00177653
     1.73135    0.779372  0.00175801
       1.757    0.815866  0.00167836
     1.78265    0.852587   0.0016406
      1.8083    0.890696  0.00150613
     1.83395    0.932633  0.00181696
      1.8596    0.973944  0.00143199
     1.88525     1.01566  0.00171791
      1.9109      1.0558  0.00151828
     1.93655     1.09436   0.0016313
      1.9622     1.12853  0.00109441
     1.98785     1.15967  0.00144885
      2.0135     1.18489  0.00136315
     2.03915     1.20264  0.00167708
      2.0648      1.2137   0.0016252
     2.09045     1.21343  0.00180137
      2.1161     1.20994  0.00148293
     2.14174     1.19483  0.00180544
     2.16739     1.17481  0.00179791
     2.19304      1.1505  0.00169539
     2.21869     1.12565  0.00176796
     2.24434     1.09625   0.0014165
     2.26999     1.06874  0.00146429
     2.29564     1.03951  0.00105434
     2.32129     1.01519  0.00161431
     2.34694     0.98999    0.001657
     2.37259    0.967759  0.00149967
     2.39824    0.948095  0.00113444
     2.42389    0.931417  0.00110164
     2.44954    0.919234  0.00161271
     2.47519    0.910119  0.00123032
     2.50084    0.895816  0.00156658
     2.52649    0.885317  0.00149181
     2.55214    0.885352  0.00147187
