           1   0.0128248           0
           1   0.0384745           0
           1   0.0641241           0
           1   0.0897737           0
           1    0.115423           0
           1    0.141073           0
           1    0.166723           0
           1    0.192372           0
           1    0.218022           0
           1    0.243672           0
           1    0.269321           0
           1    0.294971           0
           1     0.32062           0
           1     0.34627           0
           1     0.37192           0
           1    0.397569           0
           1    0.423219           0
           1    0.448869           0
           1    0.474518           0
           1    0.500168           0
           1    0.525818           0
           1    0.551467           0
           1    0.577117           0
           1    0.602767           0
           1    0.628416           0
           1    0.654066           0
           1    0.679715           0
           1    0.705365           0
           1    0.731015           0
           1    0.756664           0
           1    0.782314           0
           1    0.807964           0
           1    0.833613           0
           1    0.859263           0
           1    0.884913  0.00123802
           1    0.910562   0.0252473
           1    0.936212    0.158619
           1    0.961861    0.546795
           1    0.987511     1.16046
           1     1.01316     1.80642
           1     1.03881      2.3224
           1     1.06446     2.52958
           1     1.09011     2.56795
           1     1.11576      2.4034
           1     1.14141     2.21091
           1     1.16706     1.97642
           1     1.19271     1.77847
           1     1.21836     1.56693
           1     1.24401      1.4118
           1     1.26966     1.25281
           1     1.29531     1.14393
           1     1.32096     1.04378
           1     1.34661    0.960636
           1     1.37226    0.884026
           1     1.39791    0.820223
           1     1.42355    0.783225
           1      1.4492    0.747369
           1     1.47485    0.713297
           1      1.5005      0.6914
           1     1.52615    0.682076
           1      1.5518    0.674403
           1     1.57745    0.664526
           1      1.6031    0.669392
           1     1.62875    0.679512
           1      1.6544    0.688648
           1     1.68005    0.718172
           1      1.7057    0.739377
           1     1.73135    0.773131
           1       1.757    0.800704
           1     1.78265    0.841885
           1      1.8083    0.879479
           1     1.83395    0.931032
           1      1.8596      0.9668
           1     1.88525     1.01771
           1      1.9109      1.0465
           1     1.93655     1.09337
           1      1.9622     1.12765
           1     1.98785     1.15148
           1      2.0135     1.18556
           1     2.03915     1.22218
           1      2.0648     1.21599
           1     2.09045     1.21945
           1      2.1161     1.22603
           1     2.14174     1.21085
           1     2.16739     1.19043
           1     2.19304     1.16292
           1     2.21869     1.13406
           1     2.24434     1.09765
           1     2.26999     1.07172
           1     2.29564     1.04141
           1     2.32129     1.01762
           1     2.34694    0.989837
           1     2.37259    0.966376
           1     2.39824    0.947957
           1     2.42389    0.927444
           1     2.44954    0.918572
           1     2.47519    0.905957
           1     2.50084    0.894089
           1     2.52649     0.88338
           1     2.55214    0.881915
           2   0.0128248           0
           2   0.0384745           0
           2   0.0641241           0
           2   0.0897737           0
           2    0.115423           0
           2    0.141073           0
           2    0.166723           0
           2    0.192372           0
           2    0.218022           0
           2    0.243672           0
           2    0.269321           0
           2    0.294971           0
           2     0.32062           0
           2     0.34627           0
           2     0.37192           0
           2    0.397569           0
           2    0.423219           0
           2    0.448869           0
           2    0.474518           0
           2    0.500168           0
           2    0.525818           0
           2    0.551467           0
           2    0.577117           0
           2    0.602767           0
           2    0.628416           0
           2    0.654066           0
           2    0.679715           0
           2    0.705365           0
           2    0.731015           0
           2    0.756664           0
           2    0.782314           0
           2    0.807964           0
           2    0.833613           0
           2    0.859263 4.86307e-05
           2    0.884913  0.00110046
           2    0.910562   0.0226057
           2    0.936212    0.163125
           2    0.961861    0.556536
           2    0.987511     1.20067
           2     1.01316     1.85539
           2     1.03881      2.3222
           2     1.06446     2.54337
           2     1.09011     2.52949
           2     1.11576     2.41124
           2     1.14141     2.21179
           2     1.16706     1.99559
           2     1.19271     1.75999
           2     1.21836     1.57022
           2     1.24401     1.39804
           2     1.26966     1.25639
           2     1.29531     1.13053
           2     1.32096     1.04148
           2     1.34661    0.950953
           2     1.37226    0.890014
           2     1.39791    0.833619
           2     1.42355    0.775535
           2      1.4492    0.730819
           2     1.47485    0.705703
           2      1.5005    0.678626
           2     1.52615    0.665457
           2      1.5518    0.658165
           2     1.57745    0.664439
           2      1.6031    0.671683
           2     1.62875    0.677698
           2      1.6544    0.695024
           2     1.68005    0.709865
           2      1.7057    0.743586
           2     1.73135    0.772316
           2       1.757     0.81194
           2     1.78265    0.843128
           2      1.8083    0.898432
           2     1.83395    0.932538
           2      1.8596    0.977225
           2     1.88525     1.01306
           2      1.9109     1.04822
           2     1.93655      1.0951
           2      1.9622      1.1263
           2     1.98785     1.16307
           2      2.0135      1.1937
           2     2.03915     1.20439
           2      2.0648     1.22282
           2     2.09045     1.22425
           2      2.1161     1.21472
           2     2.14174     1.20173
           2     2.16739     1.18774
           2     2.19304     1.16602
           2     2.21869     1.13591
           2     2.24434      1.1079
           2     2.26999     1.07207
           2     2.29564     1.04758
           2     2.32129     1.01958
           2     2.34694     1.00387
           2     2.37259    0.968207
           2     2.39824    0.944217
           2     2.42389    0.928789
           2     2.44954    0.911558
           2     2.47519    0.904621
           2     2.50084    0.886062
           2     2.52649    0.874289
           2     2.55214    0.876656
           3   0.0128248           0
           3   0.0384745           0
           3   0.0641241           0
           3   0.0897737           0
           3    0.115423           0
           3    0.141073           0
           3    0.166723           0
           3    0.192372           0
           3    0.218022           0
           3    0.243672           0
           3    0.269321           0
           3    0.294971           0
           3     0.32062           0
           3     0.34627           0
           3     0.37192           0
           3    0.397569           0
           3    0.423219           0
           3    0.448869           0
           3    0.474518           0
           3    0.500168           0
           3    0.525818           0
           3    0.551467           0
           3    0.577117           0
           3    0.602767           0
           3    0.628416           0
           3    0.654066           0
           3    0.679715           0
           3    0.705365           0
           3    0.731015           0
           3    0.756664           0
           3    0.782314           0
           3    0.807964           0
           3    0.833613           0
           3    0.859263           0
           3    0.884913 0.000962905
           3    0.910562   0.0229088
           3    0.936212    0.163207
           3    0.961861    0.579124
           3    0.987511     1.22125
           3     1.01316     1.88162
           3     1.03881      2.3391
           3     1.06446     2.57857
           3     1.09011     2.55505
           3     1.11576     2.38523
           3     1.14141     2.19303
           3     1.16706     1.94073
           3     1.19271     1.73541
           3     1.21836     1.55714
           3     1.24401     1.37941
           3     1.26966     1.22418
           3     1.29531     1.11557
           3     1.32096     1.02508
           3     1.34661     0.93832
           3     1.37226    0.879526
           3     1.39791    0.820426
           3     1.42355    0.768979
           3      1.4492    0.744308
           3     1.47485    0.713775
           3      1.5005    0.705753
           3     1.52615    0.677035
           3      1.5518    0.671167
           3     1.57745    0.681525
           3      1.6031    0.681268
           3     1.62875     0.69187
           3      1.6544     0.71078
           3     1.68005    0.729571
           3      1.7057    0.756656
           3     1.73135    0.790141
           3       1.757    0.822607
           3     1.78265    0.860868
           3      1.8083    0.896027
           3     1.83395    0.925331
           3      1.8596    0.973508
           3     1.88525     1.00464
           3      1.9109     1.04196
           3     1.93655      1.0836
           3      1.9622     1.12538
           3     1.98785     1.16024
           3      2.0135     1.18128
           3     2.03915     1.19242
           3      2.0648     1.21133
           3     2.09045     1.21579
           3      2.1161     1.21542
           3     2.14174     1.19695
           3     2.16739     1.17503
           3     2.19304     1.14521
           3     2.21869     1.12238
           3     2.24434     1.09551
           3     2.26999     1.06769
           3     2.29564     1.03336
           3     2.32129     1.01069
           3     2.34694     0.98586
           3     2.37259     0.96901
           3     2.39824    0.951497
           3     2.42389    0.933147
           3     2.44954    0.921666
           3     2.47519    0.910037
           3     2.50084    0.899463
           3     2.52649    0.889556
           3     2.55214    0.894143
           4   0.0128248           0
           4   0.0384745           0
           4   0.0641241           0
           4   0.0897737           0
           4    0.115423           0
           4    0.141073           0
           4    0.166723           0
           4    0.192372           0
           4    0.218022           0
           4    0.243672           0
           4    0.269321           0
           4    0.294971           0
           4     0.32062           0
           4     0.34627           0
           4     0.37192           0
           4    0.397569           0
           4    0.423219           0
           4    0.448869           0
           4    0.474518           0
           4    0.500168           0
           4    0.525818           0
           4    0.551467           0
           4    0.577117           0
           4    0.602767           0
           4    0.628416           0
           4    0.654066           0
           4    0.679715           0
           4    0.705365           0
           4    0.731015           0
           4    0.756664           0
           4    0.782314           0
           4    0.807964           0
           4    0.833613           0
           4    0.859263           0
           4    0.884913  0.00123802
           4    0.910562   0.0250308
           4    0.936212    0.171933
           4    0.961861     0.56228
           4    0.987511     1.21632
           4     1.01316     1.85616
           4     1.03881     2.32852
           4     1.06446     2.55871
           4     1.09011     2.52314
           4     1.11576      2.4047
           4     1.14141       2.196
           4     1.16706     1.97969
           4     1.19271     1.76151
           4     1.21836     1.54789
           4     1.24401      1.3837
           4     1.26966      1.2522
           4     1.29531     1.11816
           4     1.32096     1.02184
           4     1.34661    0.950181
           4     1.37226    0.877238
           4     1.39791    0.815924
           4     1.42355    0.780585
           4      1.4492    0.733383
           4     1.47485    0.707602
           4      1.5005    0.688147
           4     1.52615    0.676264
           4      1.5518    0.676475
           4     1.57745     0.67418
           4      1.6031    0.679158
           4     1.62875    0.694252
           4      1.6544    0.707291
           4     1.68005    0.730499
           4      1.7057    0.747115
           4     1.73135    0.780701
           4       1.757    0.821292
           4     1.78265    0.855625
           4      1.8083    0.892909
           4     1.83395    0.926548
           4      1.8596    0.977475
           4     1.88525     1.01259
           4      1.9109     1.06307
           4     1.93655     1.09076
           4      1.9622     1.12907
           4     1.98785     1.16062
           4      2.0135     1.18816
           4     2.03915     1.20119
           4      2.0648     1.20785
           4     2.09045     1.20733
           4      2.1161      1.1977
           4     2.14174     1.19084
           4     2.16739     1.16123
           4     2.19304     1.14303
           4     2.21869     1.12038
           4     2.24434     1.09256
           4     2.26999     1.07141
           4     2.29564     1.03775
           4     2.32129     1.02283
           4     2.34694    0.999485
           4     2.37259    0.983969
           4     2.39824    0.954662
           4     2.42389    0.935017
           4     2.44954    0.932199
           4     2.47519    0.913536
           4     2.50084    0.893314
           4     2.52649    0.881028
           4     2.55214    0.880961
           5   0.0128248           0
           5   0.0384745           0
           5   0.0641241           0
           5   0.0897737           0
           5    0.115423           0
           5    0.141073           0
           5    0.166723           0
           5    0.192372           0
           5    0.218022           0
           5    0.243672           0
           5    0.269321           0
           5    0.294971           0
           5     0.32062           0
           5     0.34627           0
           5     0.37192           0
           5    0.397569           0
           5    0.423219           0
           5    0.448869           0
           5    0.474518           0
           5    0.500168           0
           5    0.525818           0
           5    0.551467           0
           5    0.577117           0
           5    0.602767           0
           5    0.628416           0
           5    0.654066           0
           5    0.679715           0
           5    0.705365           0
           5    0.731015           0
           5    0.756664           0
           5    0.782314           0
           5    0.807964           0
           5    0.833613           0
           5    0.859263           0
           5    0.884913  0.00105461
           5    0.910562   0.0250741
           5    0.936212    0.160872
           5    0.961861    0.548192
           5    0.987511     1.19533
           5     1.01316     1.85507
           5     1.03881      2.3436
           5     1.06446     2.55861
           5     1.09011     2.55702
           5     1.11576     2.43383
           5     1.14141     2.21298
           5     1.16706      1.9711
           5     1.19271     1.74366
           5     1.21836     1.54855
           5     1.24401     1.38182
           5     1.26966      1.2312
           5     1.29531     1.11074
           5     1.32096     1.02372
           5     1.34661    0.944379
           5     1.37226    0.888832
           5     1.39791    0.826967
           5     1.42355    0.788523
           5      1.4492     0.74012
           5     1.47485    0.716631
           5      1.5005     0.69821
           5     1.52615    0.668864
           5      1.5518    0.664069
           5     1.57745    0.666099
           5      1.6031     0.66731
           5     1.62875    0.679878
           5      1.6544    0.701295
           5     1.68005    0.720297
           5      1.7057    0.741401
           5     1.73135    0.767644
           5       1.757    0.805787
           5     1.78265    0.859636
           5      1.8083     0.89359
           5     1.83395    0.928652
           5      1.8596    0.975907
           5     1.88525     1.03036
           5      1.9109     1.05895
           5     1.93655     1.10632
           5      1.9622     1.12638
           5     1.98785     1.16969
           5      2.0135     1.19367
           5     2.03915     1.20874
           5      2.0648     1.21722
           5     2.09045     1.22588
           5      2.1161     1.21794
           5     2.14174     1.19036
           5     2.16739     1.17538
           5     2.19304     1.15107
           5     2.21869     1.12402
           5     2.24434     1.09194
           5     2.26999     1.07161
           5     2.29564     1.03506
           5     2.32129     1.00855
           5     2.34694    0.979335
           5     2.37259    0.961368
           5     2.39824    0.944479
           5     2.42389    0.927866
           5     2.44954    0.919697
           5     2.47519    0.909714
           5     2.50084    0.896024
           5     2.52649    0.879616
           5     2.55214    0.881562
           6   0.0128248           0
           6   0.0384745           0
           6   0.0641241           0
           6   0.0897737           0
           6    0.115423           0
           6    0.141073           0
           6    0.166723           0
           6    0.192372           0
           6    0.218022           0
           6    0.243672           0
           6    0.269321           0
           6    0.294971           0
           6     0.32062           0
           6     0.34627           0
           6     0.37192           0
           6    0.397569           0
           6    0.423219           0
           6    0.448869           0
           6    0.474518           0
           6    0.500168           0
           6    0.525818           0
           6    0.551467           0
           6    0.577117           0
           6    0.602767           0
           6    0.628416           0
           6    0.654066           0
           6    0.679715           0
           6    0.705365           0
           6    0.731015           0
           6    0.756664           0
           6    0.782314           0
           6    0.807964           0
           6    0.833613           0
           6    0.859263           0
           6    0.884913  0.00132973
           6    0.910562   0.0236017
           6    0.936212    0.163658
           6    0.961861    0.584518
           6    0.987511     1.21904
           6     1.01316     1.87344
           6     1.03881     2.33561
           6     1.06446     2.56571
           6     1.09011      2.5472
           6     1.11576      2.3848
           6     1.14141     2.19156
           6     1.16706     1.96013
           6     1.19271     1.77511
           6     1.21836     1.56437
           6     1.24401     1.39964
           6     1.26966     1.22866
           6     1.29531     1.10935
           6     1.32096     1.01855
           6     1.34661    0.930122
           6     1.37226    0.850008
           6     1.39791     0.81596
           6     1.42355    0.760793
           6      1.4492    0.742308
           6     1.47485    0.711184
           6      1.5005    0.691049
           6     1.52615     0.67739
           6      1.5518    0.670034
           6     1.57745    0.678812
           6      1.6031    0.685711
           6     1.62875    0.688513
           6      1.6544    0.714388
           6     1.68005    0.729558
           6      1.7057    0.760938
           6     1.73135    0.792393
           6       1.757    0.826236
           6     1.78265    0.860969
           6      1.8083    0.898619
           6     1.83395     0.94836
           6      1.8596    0.984743
           6     1.88525     1.02328
           6      1.9109     1.06539
           6     1.93655     1.09916
           6      1.9622     1.12954
           6     1.98785     1.15065
           6      2.0135     1.17471
           6     2.03915     1.19555
           6      2.0648     1.20881
           6     2.09045     1.21023
           6      2.1161     1.20018
           6     2.14174     1.18618
           6     2.16739     1.17156
           6     2.19304     1.14148
           6     2.21869     1.11332
           6     2.24434     1.09119
           6     2.26999     1.05703
           6     2.29564     1.03752
           6     2.32129     1.00409
           6     2.34694    0.982275
           6     2.37259    0.960329
           6     2.39824    0.941083
           6     2.42389    0.930928
           6     2.44954    0.914371
           6     2.47519    0.907897
           6     2.50084    0.902908
           6     2.52649    0.890175
           6     2.55214    0.894253
           7   0.0128248           0
           7   0.0384745           0
           7   0.0641241           0
           7   0.0897737           0
           7    0.115423           0
           7    0.141073           0
           7    0.166723           0
           7    0.192372           0
           7    0.218022           0
           7    0.243672           0
           7    0.269321           0
           7    0.294971           0
           7     0.32062           0
           7     0.34627           0
           7     0.37192           0
           7    0.397569           0
           7    0.423219           0
           7    0.448869           0
           7    0.474518           0
           7    0.500168           0
           7    0.525818           0
           7    0.551467           0
           7    0.577117           0
           7    0.602767           0
           7    0.628416           0
           7    0.654066           0
           7    0.679715           0
           7    0.705365           0
           7    0.731015           0
           7    0.756664           0
           7    0.782314           0
           7    0.807964           0
           7    0.833613           0
           7    0.859263           0
           7    0.884913  0.00146728
           7    0.910562   0.0207868
           7    0.936212    0.156735
           7    0.961861    0.558438
           7    0.987511     1.18955
           7     1.01316     1.83615
           7     1.03881     2.35231
           7     1.06446     2.54067
           7     1.09011     2.52172
           7     1.11576      2.4334
           7     1.14141      2.2371
           7     1.16706     1.98032
           7     1.19271     1.76199
           7     1.21836     1.56679
           7     1.24401     1.39229
           7     1.26966     1.23401
           7     1.29531     1.12039
           7     1.32096     1.02257
           7     1.34661    0.941686
           7     1.37226    0.867265
           7     1.39791    0.817265
           7     1.42355    0.773941
           7      1.4492    0.732973
           7     1.47485    0.707684
           7      1.5005    0.696201
           7     1.52615    0.679286
           7      1.5518    0.661773
           7     1.57745    0.665045
           7      1.6031    0.677873
           7     1.62875    0.685359
           7      1.6544    0.707422
           7     1.68005    0.731466
           7      1.7057    0.756298
           7     1.73135    0.784618
           7       1.757    0.821874
           7     1.78265    0.856133
           7      1.8083    0.892382
           7     1.83395    0.938068
           7      1.8596    0.976332
           7     1.88525     1.01429
           7      1.9109     1.05874
           7     1.93655     1.09703
           7      1.9622      1.1248
           7     1.98785     1.15217
           7      2.0135     1.18257
           7     2.03915     1.19593
           7      2.0648      1.2108
           7     2.09045     1.21541
           7      2.1161     1.20696
           7     2.14174     1.19402
           7     2.16739      1.1739
           7     2.19304     1.15408
           7     2.21869     1.11552
           7     2.24434     1.08338
           7     2.26999     1.06164
           7     2.29564     1.03789
           7     2.32129     1.00977
           7     2.34694    0.982418
           7     2.37259    0.965955
           7     2.39824    0.954924
           7     2.42389    0.932352
           7     2.44954    0.924664
           7     2.47519    0.915235
           7     2.50084    0.907334
           7     2.52649    0.894276
           7     2.55214    0.893178
           8   0.0128248           0
           8   0.0384745           0
           8   0.0641241           0
           8   0.0897737           0
           8    0.115423           0
           8    0.141073           0
           8    0.166723           0
           8    0.192372           0
           8    0.218022           0
           8    0.243672           0
           8    0.269321           0
           8    0.294971           0
           8     0.32062           0
           8     0.34627           0
           8     0.37192           0
           8    0.397569           0
           8    0.423219           0
           8    0.448869           0
           8    0.474518           0
           8    0.500168           0
           8    0.525818           0
           8    0.551467           0
           8    0.577117           0
           8    0.602767           0
           8    0.628416           0
           8    0.654066           0
           8    0.679715           0
           8    0.705365           0
           8    0.731015           0
           8    0.756664           0
           8    0.782314           0
           8    0.807964           0
           8    0.833613           0
           8    0.859263           0
           8    0.884913  0.00119217
           8    0.910562   0.0229521
           8    0.936212    0.165706
           8    0.961861    0.574428
           8    0.987511     1.20531
           8     1.01316     1.85749
           8     1.03881     2.33262
           8     1.06446     2.53934
           8     1.09011     2.56306
           8     1.11576     2.39532
           8     1.14141     2.20124
           8     1.16706     1.94228
           8     1.19271     1.76439
           8     1.21836     1.53568
           8     1.24401     1.36502
           8     1.26966     1.24091
           8     1.29531     1.12501
           8     1.32096     1.01625
           8     1.34661    0.940894
           8     1.37226    0.882386
           8     1.39791    0.823917
           8     1.42355      0.7741
           8      1.4492    0.740598
           8     1.47485    0.715377
           8      1.5005    0.693665
           8     1.52615    0.680997
           8      1.5518     0.67567
           8     1.57745    0.669288
           8      1.6031    0.677789
           8     1.62875    0.690963
           8      1.6544    0.702581
           8     1.68005    0.729036
           8      1.7057    0.763715
           8     1.73135    0.791554
           8       1.757    0.822374
           8     1.78265    0.859184
           8      1.8083    0.893425
           8     1.83395    0.950495
           8      1.8596    0.982999
           8     1.88525     1.02238
           8      1.9109     1.05802
           8     1.93655     1.10187
           8      1.9622     1.12529
           8     1.98785     1.15595
           8      2.0135     1.18225
           8     2.03915     1.19214
           8      2.0648      1.2008
           8     2.09045     1.20346
           8      2.1161     1.20078
           8     2.14174     1.18108
           8     2.16739     1.16451
           8     2.19304     1.14935
           8     2.21869     1.12525
           8     2.24434     1.09439
           8     2.26999     1.06091
           8     2.29564     1.03419
           8     2.32129     1.01666
           8     2.34694    0.986812
           8     2.37259    0.967269
           8     2.39824    0.946533
           8     2.42389    0.937633
           8     2.44954    0.918638
           8     2.47519    0.915605
           8     2.50084     0.89793
           8     2.52649    0.888746
           8     2.55214    0.884407
           9   0.0128248           0
           9   0.0384745           0
           9   0.0641241           0
           9   0.0897737           0
           9    0.115423           0
           9    0.141073           0
           9    0.166723           0
           9    0.192372           0
           9    0.218022           0
           9    0.243672           0
           9    0.269321           0
           9    0.294971           0
           9     0.32062           0
           9     0.34627           0
           9     0.37192           0
           9    0.397569           0
           9    0.423219           0
           9    0.448869           0
           9    0.474518           0
           9    0.500168           0
           9    0.525818           0
           9    0.551467           0
           9    0.577117           0
           9    0.602767           0
           9    0.628416           0
           9    0.654066           0
           9    0.679715           0
           9    0.705365           0
           9    0.731015           0
           9    0.756664           0
           9    0.782314           0
           9    0.807964           0
           9    0.833613           0
           9    0.859263           0
           9    0.884913  0.00142143
           9    0.910562   0.0260269
           9    0.936212    0.162593
           9    0.961861    0.562629
           9    0.987511     1.20174
           9     1.01316      1.8507
           9     1.03881     2.34293
           9     1.06446     2.55449
           9     1.09011     2.51411
           9     1.11576     2.41064
           9     1.14141     2.18076
           9     1.16706     1.95702
           9     1.19271     1.73165
           9     1.21836     1.53012
           9     1.24401     1.38964
           9     1.26966     1.24194
           9     1.29531     1.13013
           9     1.32096     1.03411
           9     1.34661    0.950557
           9     1.37226    0.888431
           9     1.39791    0.827335
           9     1.42355    0.782747
           9      1.4492    0.747232
           9     1.47485    0.728022
           9      1.5005    0.703489
           9     1.52615    0.689507
           9      1.5518    0.680009
           9     1.57745    0.677325
           9      1.6031    0.689903
           9     1.62875    0.696229
           9      1.6544    0.707527
           9     1.68005    0.725513
           9      1.7057    0.745696
           9     1.73135    0.772232
           9       1.757    0.811615
           9     1.78265    0.840111
           9      1.8083    0.882488
           9     1.83395    0.917495
           9      1.8596    0.966457
           9     1.88525     1.01159
           9      1.9109     1.05231
           9     1.93655     1.09971
           9      1.9622     1.13524
           9     1.98785       1.163
           9      2.0135     1.18324
           9     2.03915     1.19895
           9      2.0648      1.2067
           9     2.09045     1.20448
           9      2.1161     1.20634
           9     2.14174     1.18835
           9     2.16739      1.1667
           9     2.19304     1.13874
           9     2.21869     1.11853
           9     2.24434     1.09049
           9     2.26999     1.06895
           9     2.29564     1.04442
           9     2.32129     1.02615
           9     2.34694    0.995098
           9     2.37259    0.976078
           9     2.39824    0.956267
           9     2.42389    0.943084
           9     2.44954    0.929548
           9     2.47519    0.919596
           9     2.50084    0.903844
           9     2.52649    0.895204
           9     2.55214    0.889898
          10   0.0128248           0
          10   0.0384745           0
          10   0.0641241           0
          10   0.0897737           0
          10    0.115423           0
          10    0.141073           0
          10    0.166723           0
          10    0.192372           0
          10    0.218022           0
          10    0.243672           0
          10    0.269321           0
          10    0.294971           0
          10     0.32062           0
          10     0.34627           0
          10     0.37192           0
          10    0.397569           0
          10    0.423219           0
          10    0.448869           0
          10    0.474518           0
          10    0.500168           0
          10    0.525818           0
          10    0.551467           0
          10    0.577117           0
          10    0.602767           0
          10    0.628416           0
          10    0.654066           0
          10    0.679715           0
          10    0.705365           0
          10    0.731015           0
          10    0.756664           0
          10    0.782314           0
          10    0.807964           0
          10    0.833613           0
          10    0.859263           0
          10    0.884913 0.000917052
          10    0.910562   0.0245111
          10    0.936212    0.165993
          10    0.961861    0.559602
          10    0.987511     1.19195
          10     1.01316     1.86326
          10     1.03881     2.36592
          10     1.06446      2.5626
          10     1.09011      2.5562
          10     1.11576     2.36925
          10     1.14141     2.20874
          10     1.16706     1.97065
          10     1.19271     1.75005
          10     1.21836     1.56127
          10     1.24401     1.40249
          10     1.26966     1.24606
          10     1.29531     1.11816
          10     1.32096     1.02746
          10     1.34661    0.932162
          10     1.37226    0.863299
          10     1.39791    0.822888
          10     1.42355    0.777236
          10      1.4492    0.733742
          10     1.47485    0.705406
          10      1.5005    0.686775
          10     1.52615    0.671701
          10      1.5518    0.672509
          10     1.57745    0.664814
          10      1.6031    0.679731
          10     1.62875    0.688107
          10      1.6544     0.69467
          10     1.68005    0.724508
          10      1.7057    0.759297
          10     1.73135    0.786032
          10       1.757     0.82149
          10     1.78265     0.86054
          10      1.8083    0.898806
          10     1.83395    0.935612
          10      1.8596    0.985262
          10     1.88525     1.02782
          10      1.9109     1.06132
          10     1.93655     1.09192
          10      1.9622     1.12305
          10     1.98785     1.16303
          10      2.0135     1.18395
          10     2.03915     1.20266
          10      2.0648      1.2149
          10     2.09045     1.20605
          10      2.1161      1.2091
          10     2.14174     1.20416
          10     2.16739     1.17341
          10     2.19304      1.1489
          10     2.21869     1.11613
          10     2.24434     1.09052
          10     2.26999     1.05959
          10     2.29564     1.03342
          10     2.32129     1.00606
          10     2.34694      0.9844
          10     2.37259    0.961917
          10     2.39824    0.938848
          10     2.42389    0.930745
          10     2.44954    0.918871
          10     2.47519    0.915323
          10     2.50084    0.899664
          10     2.52649    0.885776
          10     2.55214    0.887334
          11   0.0128248           0
          11   0.0384745           0
          11   0.0641241           0
          11   0.0897737           0
          11    0.115423           0
          11    0.141073           0
          11    0.166723           0
          11    0.192372           0
          11    0.218022           0
          11    0.243672           0
          11    0.269321           0
          11    0.294971           0
          11     0.32062           0
          11     0.34627           0
          11     0.37192           0
          11    0.397569           0
          11    0.423219           0
          11    0.448869           0
          11    0.474518           0
          11    0.500168           0
          11    0.525818           0
          11    0.551467           0
          11    0.577117           0
          11    0.602767           0
          11    0.628416           0
          11    0.654066           0
          11    0.679715           0
          11    0.705365           0
          11    0.731015           0
          11    0.756664           0
          11    0.782314           0
          11    0.807964           0
          11    0.833613           0
          11    0.859263           0
          11    0.884913  0.00169655
          11    0.910562   0.0267197
          11    0.936212    0.174432
          11    0.961861    0.561931
          11    0.987511     1.21175
          11     1.01316      1.8889
          11     1.03881     2.34536
          11     1.06446     2.57601
          11     1.09011     2.52861
          11     1.11576     2.39054
          11     1.14141      2.2027
          11     1.16706      1.9566
          11     1.19271     1.74975
          11     1.21836     1.55564
          11     1.24401     1.39117
          11     1.26966     1.24835
          11     1.29531     1.11472
          11     1.32096     1.01221
          11     1.34661    0.933508
          11     1.37226    0.866865
          11     1.39791     0.81155
          11     1.42355    0.771584
          11      1.4492    0.755319
          11     1.47485    0.716549
          11      1.5005    0.699709
          11     1.52615    0.686902
          11      1.5518    0.680278
          11     1.57745    0.680587
          11      1.6031    0.682875
          11     1.62875    0.695308
          11      1.6544    0.705113
          11     1.68005    0.721556
          11      1.7057    0.752151
          11     1.73135     0.77016
          11       1.757    0.818954
          11     1.78265    0.844619
          11      1.8083    0.890131
          11     1.83395    0.929335
          11      1.8596    0.968576
          11     1.88525     1.02521
          11      1.9109     1.06305
          11     1.93655     1.10864
          11      1.9622     1.13087
          11     1.98785     1.15985
          11      2.0135     1.17562
          11     2.03915     1.19708
          11      2.0648      1.2113
          11     2.09045     1.20491
          11      2.1161     1.20507
          11     2.14174     1.18388
          11     2.16739     1.16639
          11     2.19304     1.14194
          11     2.21869     1.11663
          11     2.24434     1.09109
          11     2.26999     1.07492
          11     2.29564     1.04318
          11     2.32129     1.01574
          11     2.34694    0.985808
          11     2.37259    0.971447
          11     2.39824    0.957228
          11     2.42389    0.940725
          11     2.44954    0.925502
          11     2.47519    0.914848
          11     2.50084    0.907914
          11     2.52649     0.89314
          11     2.55214    0.894115
          12   0.0128248           0
          12   0.0384745           0
          12   0.0641241           0
          12   0.0897737           0
          12    0.115423           0
          12    0.141073           0
          12    0.166723           0
          12    0.192372           0
          12    0.218022           0
          12    0.243672           0
          12    0.269321           0
          12    0.294971           0
          12     0.32062           0
          12     0.34627           0
          12     0.37192           0
          12    0.397569           0
          12    0.423219           0
          12    0.448869           0
          12    0.474518           0
          12    0.500168           0
          12    0.525818           0
          12    0.551467           0
          12    0.577117           0
          12    0.602767           0
          12    0.628416           0
          12    0.654066           0
          12    0.679715           0
          12    0.705365           0
          12    0.731015           0
          12    0.756664           0
          12    0.782314           0
          12    0.807964           0
          12    0.833613           0
          12    0.859263           0
          12    0.884913  0.00123802
          12    0.910562   0.0251607
          12    0.936212    0.172916
          12    0.961861    0.585139
          12    0.987511     1.23392
          12     1.01316     1.90632
          12     1.03881     2.33035
          12     1.06446      2.5401
          12     1.09011     2.52236
          12     1.11576     2.40643
          12     1.14141     2.18545
          12     1.16706     1.94626
          12     1.19271     1.74773
          12     1.21836     1.54814
          12     1.24401     1.38254
          12     1.26966     1.23621
          12     1.29531     1.12993
          12     1.32096     1.02728
          12     1.34661    0.938102
          12     1.37226    0.865397
          12     1.39791    0.809511
          12     1.42355    0.781294
          12      1.4492    0.736341
          12     1.47485    0.721881
          12      1.5005    0.691065
          12     1.52615    0.675786
          12      1.5518    0.681307
          12     1.57745    0.661885
          12      1.6031     0.67554
          12     1.62875    0.684087
          12      1.6544    0.709783
          12     1.68005    0.729533
          12      1.7057    0.760247
          12     1.73135    0.787469
          12       1.757    0.824933
          12     1.78265    0.859229
          12      1.8083    0.898498
          12     1.83395    0.941089
          12      1.8596    0.978679
          12     1.88525     1.01083
          12      1.9109     1.06048
          12     1.93655      1.1014
          12      1.9622     1.13217
          12     1.98785     1.15935
          12      2.0135     1.18212
          12     2.03915     1.19642
          12      2.0648     1.20753
          12     2.09045     1.20449
          12      2.1161     1.20413
          12     2.14174     1.18812
          12     2.16739     1.16572
          12     2.19304     1.14607
          12     2.21869     1.12393
          12     2.24434     1.09199
          12     2.26999     1.06511
          12     2.29564     1.03849
          12     2.32129     1.01637
          12     2.34694    0.990176
          12     2.37259    0.961732
          12     2.39824    0.944211
          12     2.42389    0.925354
          12     2.44954    0.916089
          12     2.47519     0.91217
          12     2.50084    0.893767
          12     2.52649    0.886085
          12     2.55214    0.892726
          13   0.0128248           0
          13   0.0384745           0
          13   0.0641241           0
          13   0.0897737           0
          13    0.115423           0
          13    0.141073           0
          13    0.166723           0
          13    0.192372           0
          13    0.218022           0
          13    0.243672           0
          13    0.269321           0
          13    0.294971           0
          13     0.32062           0
          13     0.34627           0
          13     0.37192           0
          13    0.397569           0
          13    0.423219           0
          13    0.448869           0
          13    0.474518           0
          13    0.500168           0
          13    0.525818           0
          13    0.551467           0
          13    0.577117           0
          13    0.602767           0
          13    0.628416           0
          13    0.654066           0
          13    0.679715           0
          13    0.705365           0
          13    0.731015           0
          13    0.756664           0
          13    0.782314           0
          13    0.807964           0
          13    0.833613           0
          13    0.859263           0
          13    0.884913  0.00151314
          13    0.910562   0.0260269
          13    0.936212    0.166443
          13    0.961861    0.552811
          13    0.987511     1.19073
          13     1.01316     1.85182
          13     1.03881     2.35488
          13     1.06446     2.55737
          13     1.09011     2.56768
          13     1.11576     2.41286
          13     1.14141     2.21088
          13     1.16706      1.9547
          13     1.19271     1.76272
          13     1.21836     1.56667
          13     1.24401     1.39224
          13     1.26966     1.24775
          13     1.29531     1.12936
          13     1.32096     1.00837
          13     1.34661    0.927726
          13     1.37226    0.864481
          13     1.39791     0.80161
          13     1.42355    0.762884
          13      1.4492    0.732836
          13     1.47485    0.697813
          13      1.5005    0.681433
          13     1.52615    0.677837
          13      1.5518    0.677176
          13     1.57745    0.683011
          13      1.6031    0.683727
          13     1.62875    0.691369
          13      1.6544    0.703617
          13     1.68005    0.732751
          13      1.7057    0.757569
          13     1.73135    0.785193
          13       1.757    0.824654
          13     1.78265    0.856563
          13      1.8083    0.895347
          13     1.83395    0.934833
          13      1.8596    0.972719
          13     1.88525     1.01312
          13      1.9109     1.05955
          13     1.93655     1.09549
          13      1.9622     1.12619
          13     1.98785     1.16963
          13      2.0135     1.19095
          13     2.03915     1.20181
          13      2.0648     1.20656
          13     2.09045     1.20728
          13      2.1161      1.2065
          13     2.14174     1.19253
          13     2.16739     1.16926
          13     2.19304      1.1466
          13     2.21869     1.12254
          13     2.24434     1.09923
          13     2.26999     1.06007
          13     2.29564     1.03216
          13     2.32129      1.0103
          13     2.34694    0.990235
          13     2.37259    0.958791
          13     2.39824    0.946846
          13     2.42389    0.934424
          13     2.44954    0.918093
          13     2.47519    0.907346
          13     2.50084     0.90343
          13     2.52649    0.894557
          13     2.55214    0.891491
          14   0.0128248           0
          14   0.0384745           0
          14   0.0641241           0
          14   0.0897737           0
          14    0.115423           0
          14    0.141073           0
          14    0.166723           0
          14    0.192372           0
          14    0.218022           0
          14    0.243672           0
          14    0.269321           0
          14    0.294971           0
          14     0.32062           0
          14     0.34627           0
          14     0.37192           0
          14    0.397569           0
          14    0.423219           0
          14    0.448869           0
          14    0.474518           0
          14    0.500168           0
          14    0.525818           0
          14    0.551467           0
          14    0.577117           0
          14    0.602767           0
          14    0.628416           0
          14    0.654066           0
          14    0.679715           0
          14    0.705365           0
          14    0.731015           0
          14    0.756664           0
          14    0.782314           0
          14    0.807964           0
          14    0.833613           0
          14    0.859263           0
          14    0.884913  0.00123802
          14    0.910562   0.0219128
          14    0.936212    0.162347
          14    0.961861    0.558399
          14    0.987511     1.19787
          14     1.01316     1.85707
          14     1.03881     2.34589
          14     1.06446     2.54216
          14     1.09011     2.54263
          14     1.11576     2.39238
          14     1.14141     2.19545
          14     1.16706     1.98114
          14     1.19271     1.75896
          14     1.21836     1.56853
          14     1.24401     1.38442
          14     1.26966      1.2473
          14     1.29531      1.1187
          14     1.32096     1.01545
          14     1.34661    0.937013
          14     1.37226     0.86513
          14     1.39791    0.811165
          14     1.42355    0.766888
          14      1.4492    0.748651
          14     1.47485    0.734509
          14      1.5005    0.708018
          14     1.52615    0.687195
          14      1.5518    0.684229
          14     1.57745    0.683429
          14      1.6031    0.682987
          14     1.62875    0.691559
          14      1.6544     0.70939
          14     1.68005    0.731021
          14      1.7057    0.751287
          14     1.73135    0.773226
          14       1.757    0.806473
          14     1.78265    0.840043
          14      1.8083    0.883575
          14     1.83395    0.930029
          14      1.8596    0.964121
          14     1.88525     1.00982
          14      1.9109      1.0493
          14     1.93655     1.08316
          14      1.9622     1.13032
          14     1.98785     1.15435
          14      2.0135     1.18611
          14     2.03915     1.20145
          14      2.0648     1.21725
          14     2.09045     1.21134
          14      2.1161     1.21547
          14     2.14174     1.18774
          14     2.16739     1.17214
          14     2.19304     1.15114
          14     2.21869     1.12811
          14     2.24434      1.1038
          14     2.26999      1.0688
          14     2.29564     1.04631
          14     2.32129     1.01227
          14     2.34694    0.992719
          14     2.37259      0.9821
          14     2.39824    0.953214
          14     2.42389    0.928184
          14     2.44954    0.922612
          14     2.47519    0.911097
          14     2.50084    0.890363
          14     2.52649    0.889359
          14     2.55214    0.883745
          15   0.0128248           0
          15   0.0384745           0
          15   0.0641241           0
          15   0.0897737           0
          15    0.115423           0
          15    0.141073           0
          15    0.166723           0
          15    0.192372           0
          15    0.218022           0
          15    0.243672           0
          15    0.269321           0
          15    0.294971           0
          15     0.32062           0
          15     0.34627           0
          15     0.37192           0
          15    0.397569           0
          15    0.423219           0
          15    0.448869           0
          15    0.474518           0
          15    0.500168           0
          15    0.525818           0
          15    0.551467           0
          15    0.577117           0
          15    0.602767           0
          15    0.628416           0
          15    0.654066           0
          15    0.679715           0
          15    0.705365           0
          15    0.731015           0
          15    0.756664           0
          15    0.782314           0
          15    0.807964           0
          15    0.833613           0
          15    0.859263 4.86307e-05
          15    0.884913  0.00123802
          15    0.910562   0.0247277
          15    0.936212    0.164682
          15    0.961861     0.56783
          15    0.987511     1.18204
          15     1.01316     1.86106
          15     1.03881     2.31834
          15     1.06446     2.56393
          15     1.09011     2.56025
          15     1.11576     2.39065
          15     1.14141       2.179
          15     1.16706     1.97663
          15     1.19271     1.76539
          15     1.21836     1.55227
          15     1.24401     1.39082
          15     1.26966      1.2522
          15     1.29531     1.11853
          15     1.32096     1.03841
          15     1.34661    0.940755
          15     1.37226    0.868085
          15     1.39791    0.814215
          15     1.42355    0.775535
          15      1.4492    0.736717
          15     1.47485    0.723135
          15      1.5005    0.697572
          15     1.52615    0.693207
          15      1.5518    0.686511
          15     1.57745    0.687888
          15      1.6031    0.676322
          15     1.62875    0.682328
          15      1.6544    0.696323
          15     1.68005    0.728489
          15      1.7057    0.749732
          15     1.73135    0.786307
          15       1.757    0.813999
          15     1.78265      0.8468
          15      1.8083    0.885617
          15     1.83395    0.930285
          15      1.8596    0.968898
          15     1.88525     1.01168
          15      1.9109     1.05257
          15     1.93655     1.08306
          15      1.9622     1.12788
          15     1.98785     1.15689
          15      2.0135     1.17892
          15     2.03915     1.19518
          15      2.0648     1.21926
          15     2.09045      1.2086
          15      2.1161     1.21007
          15     2.14174     1.19104
          15     2.16739     1.17438
          15     2.19304     1.14938
          15     2.21869     1.14112
          15     2.24434     1.10249
          15     2.26999     1.07817
          15     2.29564     1.04253
          15     2.32129     1.02126
          15     2.34694    0.992536
          15     2.37259     0.96186
          15     2.39824    0.943306
          15     2.42389    0.927823
          15     2.44954    0.914976
          15     2.47519    0.915106
          15     2.50084    0.897798
          15     2.52649    0.884623
          15     2.55214    0.879533
          16   0.0128248           0
          16   0.0384745           0
          16   0.0641241           0
          16   0.0897737           0
          16    0.115423           0
          16    0.141073           0
          16    0.166723           0
          16    0.192372           0
          16    0.218022           0
          16    0.243672           0
          16    0.269321           0
          16    0.294971           0
          16     0.32062           0
          16     0.34627           0
          16     0.37192           0
          16    0.397569           0
          16    0.423219           0
          16    0.448869           0
          16    0.474518           0
          16    0.500168           0
          16    0.525818           0
          16    0.551467           0
          16    0.577117           0
          16    0.602767           0
          16    0.628416           0
          16    0.654066           0
          16    0.679715           0
          16    0.705365           0
          16    0.731015           0
          16    0.756664           0
          16    0.782314           0
          16    0.807964           0
          16    0.833613           0
          16    0.859263 0.000145892
          16    0.884913 0.000917052
          16    0.910562   0.0245978
          16    0.936212    0.163289
          16    0.961861     0.55413
          16    0.987511      1.1936
          16     1.01316     1.84168
          16     1.03881     2.34037
          16     1.06446     2.55332
          16     1.09011      2.5691
          16     1.11576     2.43126
          16     1.14141     2.18233
          16     1.16706     1.97091
          16     1.19271     1.77188
          16     1.21836     1.57216
          16     1.24401     1.39549
          16     1.26966     1.25895
          16     1.29531     1.14539
          16     1.32096     1.03864
          16     1.34661    0.938161
          16     1.37226    0.872166
          16     1.39791    0.823917
          16     1.42355    0.768377
          16      1.4492    0.730648
          16     1.47485    0.710969
          16      1.5005    0.681161
          16     1.52615    0.675247
          16      1.5518    0.671823
          16     1.57745    0.660283
          16      1.6031    0.664013
          16     1.62875    0.675627
          16      1.6544    0.694841
          16     1.68005    0.719686
          16      1.7057    0.735218
          16     1.73135    0.772951
          16       1.757    0.819385
          16     1.78265    0.853116
          16      1.8083    0.898421
          16     1.83395    0.936552
          16      1.8596    0.974391
          16     1.88525     1.02025
          16      1.9109     1.05568
          16     1.93655     1.08948
          16      1.9622     1.13057
          16     1.98785     1.15929
          16      2.0135     1.19464
          16     2.03915      1.2118
          16      2.0648     1.22638
          16     2.09045      1.2148
          16      2.1161     1.21482
          16     2.14174     1.20086
          16     2.16739      1.1784
          16     2.19304     1.15986
          16     2.21869     1.13704
          16     2.24434     1.10413
          16     2.26999     1.07769
          16     2.29564     1.04153
          16     2.32129     1.01661
          16     2.34694     0.99163
          16     2.37259    0.970037
          16     2.39824    0.947133
          16     2.42389    0.926137
          16     2.44954    0.902079
          16     2.47519    0.903302
          16     2.50084    0.888841
          16     2.52649    0.876213
          16     2.55214    0.874076
          17   0.0128248           0
          17   0.0384745           0
          17   0.0641241           0
          17   0.0897737           0
          17    0.115423           0
          17    0.141073           0
          17    0.166723           0
          17    0.192372           0
          17    0.218022           0
          17    0.243672           0
          17    0.269321           0
          17    0.294971           0
          17     0.32062           0
          17     0.34627           0
          17     0.37192           0
          17    0.397569           0
          17    0.423219           0
          17    0.448869           0
          17    0.474518           0
          17    0.500168           0
          17    0.525818           0
          17    0.551467           0
          17    0.577117           0
          17    0.602767           0
          17    0.628416           0
          17    0.654066           0
          17    0.679715           0
          17    0.705365           0
          17    0.731015           0
          17    0.756664           0
          17    0.782314           0
          17    0.807964           0
          17    0.833613           0
          17    0.859263 4.86307e-05
          17    0.884913  0.00110046
          17    0.910562   0.0261135
          17    0.936212    0.166157
          17    0.961861    0.552539
          17    0.987511      1.2038
          17     1.01316     1.85035
          17     1.03881     2.30936
          17     1.06446     2.55684
          17     1.09011     2.54423
          17     1.11576     2.42016
          17     1.14141     2.20383
          17     1.16706     1.98947
          17     1.19271     1.76625
          17     1.21836     1.59265
          17     1.24401     1.41352
          17     1.26966     1.24285
          17     1.29531     1.13854
          17     1.32096     1.03539
          17     1.34661    0.945686
          17     1.37226    0.864157
          17     1.39791    0.816585
          17     1.42355    0.765577
          17      1.4492    0.736649
          17     1.47485    0.690087
          17      1.5005     0.68475
          17     1.52615    0.662775
          17      1.5518    0.658791
          17     1.57745    0.657426
          17      1.6031    0.666206
          17     1.62875    0.674653
          17      1.6544    0.701151
          17     1.68005     0.72737
          17      1.7057    0.750843
          17     1.73135     0.78154
          17       1.757    0.809125
          17     1.78265    0.860212
          17      1.8083    0.887572
          17     1.83395    0.937801
          17      1.8596    0.979406
          17     1.88525      1.0227
          17      1.9109     1.06537
          17     1.93655     1.09238
          17      1.9622     1.13649
          17     1.98785     1.17129
          17      2.0135     1.18826
          17     2.03915     1.20999
          17      2.0648     1.20281
          17     2.09045     1.20798
          17      2.1161     1.21015
          17     2.14174     1.20549
          17     2.16739     1.18826
          17     2.19304     1.16171
          17     2.21869     1.12933
          17     2.24434     1.10432
          17     2.26999     1.07459
          17     2.29564     1.04108
          17     2.32129     1.01829
          17     2.34694    0.986851
          17     2.37259    0.969827
          17     2.39824    0.947638
          17     2.42389    0.923013
          17     2.44954    0.906514
          17     2.47519    0.894956
          17     2.50084    0.880665
          17     2.52649    0.870694
          17     2.55214    0.874451
          18   0.0128248           0
          18   0.0384745           0
          18   0.0641241           0
          18   0.0897737           0
          18    0.115423           0
          18    0.141073           0
          18    0.166723           0
          18    0.192372           0
          18    0.218022           0
          18    0.243672           0
          18    0.269321           0
          18    0.294971           0
          18     0.32062           0
          18     0.34627           0
          18     0.37192           0
          18    0.397569           0
          18    0.423219           0
          18    0.448869           0
          18    0.474518           0
          18    0.500168           0
          18    0.525818           0
          18    0.551467           0
          18    0.577117           0
          18    0.602767           0
          18    0.628416           0
          18    0.654066           0
          18    0.679715           0
          18    0.705365           0
          18    0.731015           0
          18    0.756664           0
          18    0.782314           0
          18    0.807964           0
          18    0.833613           0
          18    0.859263           0
          18    0.884913  0.00119217
          18    0.910562   0.0256804
          18    0.936212    0.171032
          18    0.961861    0.557701
          18    0.987511     1.21625
          18     1.01316     1.86417
          18     1.03881     2.36057
          18     1.06446     2.56143
          18     1.09011     2.55064
          18     1.11576     2.44464
          18     1.14141     2.18831
          18     1.16706     1.95652
          18     1.19271     1.74952
          18     1.21836     1.51909
          18     1.24401     1.36741
          18     1.26966     1.23458
          18     1.29531     1.12452
          18     1.32096     1.00631
          18     1.34661     0.93634
          18     1.37226    0.871079
          18     1.39791    0.813498
          18     1.42355    0.772771
          18      1.4492    0.732067
          18     1.47485    0.717952
          18      1.5005    0.698035
          18     1.52615    0.689168
          18      1.5518    0.677161
          18     1.57745    0.681135
          18      1.6031    0.683308
          18     1.62875    0.699477
          18      1.6544    0.697924
          18     1.68005    0.731619
          18      1.7057    0.748103
          18     1.73135    0.770315
          18       1.757    0.809381
          18     1.78265    0.848291
          18      1.8083     0.88833
          18     1.83395    0.931075
          18      1.8596    0.974017
          18     1.88525     1.01477
          18      1.9109     1.05818
          18     1.93655     1.09856
          18      1.9622     1.13676
          18     1.98785     1.16576
          18      2.0135     1.18851
          18     2.03915     1.21128
          18      2.0648     1.22643
          18     2.09045     1.22648
          18      2.1161      1.2104
          18     2.14174     1.20144
          18     2.16739      1.1763
          18     2.19304     1.14573
          18     2.21869     1.12302
          18     2.24434     1.09001
          18     2.26999     1.06118
          18     2.29564     1.03688
          18     2.32129    0.999937
          18     2.34694    0.977581
          18     2.37259    0.960916
          18     2.39824      0.9431
          18     2.42389    0.933232
          18     2.44954    0.916879
          18     2.47519     0.90485
          18     2.50084     0.88895
          18     2.52649    0.885483
          18     2.55214    0.888779
          19   0.0128248           0
          19   0.0384745           0
          19   0.0641241           0
          19   0.0897737           0
          19    0.115423           0
          19    0.141073           0
          19    0.166723           0
          19    0.192372           0
          19    0.218022           0
          19    0.243672           0
          19    0.269321           0
          19    0.294971           0
          19     0.32062           0
          19     0.34627           0
          19     0.37192           0
          19    0.397569           0
          19    0.423219           0
          19    0.448869           0
          19    0.474518           0
          19    0.500168           0
          19    0.525818           0
          19    0.551467           0
          19    0.577117           0
          19    0.602767           0
          19    0.628416           0
          19    0.654066           0
          19    0.679715           0
          19    0.705365           0
          19    0.731015           0
          19    0.756664           0
          19    0.782314           0
          19    0.807964           0
          19    0.833613           0
          19    0.859263 4.86307e-05
          19    0.884913  0.00169655
          19    0.910562   0.0226057
          19    0.936212    0.172383
          19    0.961861    0.561388
          19    0.987511     1.18005
          19     1.01316     1.84937
          19     1.03881     2.27549
          19     1.06446     2.52477
          19     1.09011     2.53982
          19     1.11576     2.40654
          19     1.14141     2.20515
          19     1.16706     1.98963
          19     1.19271     1.79036
          19     1.21836      1.5628
          19     1.24401     1.39498
          19     1.26966     1.26744
          19     1.29531     1.14271
          19     1.32096     1.03925
          19     1.34661    0.956834
          19     1.37226    0.885094
          19     1.39791      0.8223
          19     1.42355    0.765205
          19      1.4492    0.737812
          19     1.47485    0.707288
          19      1.5005    0.693027
          19     1.52615     0.68055
          19      1.5518    0.657911
          19     1.57745    0.671582
          19      1.6031    0.680164
          19     1.62875    0.686415
          19      1.6544    0.701151
          19     1.68005    0.723553
          19      1.7057    0.741475
          19     1.73135     0.77706
          19       1.757    0.818675
          19     1.78265    0.854472
          19      1.8083    0.877283
          19     1.83395    0.929943
          19      1.8596    0.963218
          19     1.88525     1.00046
          19      1.9109     1.04452
          19     1.93655     1.08373
          19      1.9622     1.11493
          19     1.98785     1.14638
          19      2.0135     1.17349
          19     2.03915     1.20789
          19      2.0648     1.22247
          19     2.09045     1.22402
          19      2.1161     1.21467
          19     2.14174     1.20652
          19     2.16739      1.1822
          19     2.19304     1.15939
          19     2.21869     1.13751
          19     2.24434     1.10296
          19     2.26999     1.07612
          19     2.29564     1.04826
          19     2.32129      1.0277
          19     2.34694     1.00594
          19     2.37259    0.969227
          19     2.39824    0.950573
          19     2.42389    0.931521
          19     2.44954    0.923695
          19     2.47519     0.90931
          19     2.50084    0.892418
          19     2.52649     0.88154
          19     2.55214    0.879126
          20   0.0128248           0
          20   0.0384745           0
          20   0.0641241           0
          20   0.0897737           0
          20    0.115423           0
          20    0.141073           0
          20    0.166723           0
          20    0.192372           0
          20    0.218022           0
          20    0.243672           0
          20    0.269321           0
          20    0.294971           0
          20     0.32062           0
          20     0.34627           0
          20     0.37192           0
          20    0.397569           0
          20    0.423219           0
          20    0.448869           0
          20    0.474518           0
          20    0.500168           0
          20    0.525818           0
          20    0.551467           0
          20    0.577117           0
          20    0.602767           0
          20    0.628416           0
          20    0.654066           0
          20    0.679715           0
          20    0.705365           0
          20    0.731015           0
          20    0.756664           0
          20    0.782314           0
          20    0.807964           0
          20    0.833613           0
          20    0.859263           0
          20    0.884913  0.00132973
          20    0.910562   0.0245111
          20    0.936212    0.166443
          20    0.961861    0.564764
          20    0.987511     1.19677
          20     1.01316     1.82597
          20     1.03881     2.33418
          20     1.06446     2.50445
          20     1.09011     2.53922
          20     1.11576     2.40334
          20     1.14141     2.21265
          20     1.16706     1.99833
          20     1.19271     1.76678
          20     1.21836     1.57083
          20     1.24401     1.39607
          20     1.26966     1.25412
          20     1.29531     1.13513
          20     1.32096     1.03812
          20     1.34661    0.955963
          20     1.37226    0.867609
          20     1.39791    0.820444
          20     1.42355    0.768997
          20      1.4492    0.736461
          20     1.47485    0.717655
          20      1.5005     0.69467
          20     1.52615     0.67776
          20      1.5518    0.672748
          20     1.57745    0.667037
          20      1.6031     0.67818
          20     1.62875     0.68831
          20      1.6544     0.70409
          20     1.68005    0.725105
          20      1.7057    0.741895
          20     1.73135    0.772448
          20       1.757    0.805822
          20     1.78265    0.850314
          20      1.8083    0.882982
          20     1.83395     0.91758
          20      1.8596     0.96814
          20     1.88525     1.00674
          20      1.9109     1.05272
          20     1.93655     1.09246
          20      1.9622     1.13168
          20     1.98785     1.16076
          20      2.0135     1.19017
          20     2.03915     1.20577
          20      2.0648     1.21682
          20     2.09045     1.22634
          20      2.1161     1.21238
          20     2.14174     1.19452
          20     2.16739     1.18314
          20     2.19304     1.14748
          20     2.21869     1.12821
          20     2.24434     1.09951
          20     2.26999      1.0756
          20     2.29564     1.03723
          20     2.32129     1.02322
          20     2.34694    0.996923
          20     2.37259    0.968768
          20     2.39824    0.948182
          20     2.42389    0.930916
          20     2.44954    0.928464
          20     2.47519    0.911877
          20     2.50084    0.891551
          20     2.52649    0.882603
          20     2.55214    0.884688
