           1    -5.48668    -5.48668           0
           2    -5.47622    -5.48145  0.00369647
           3    -5.45175    -5.47155  0.00844997
           4    -5.45879    -5.46836  0.00691345
           5    -5.47093    -5.46888  0.00554988
           6    -5.45549    -5.46664  0.00505372
           7    -5.47504    -5.46784  0.00447172
           8    -5.45385    -5.46609  0.00424116
           9    -5.45692    -5.46507  0.00389051
          10    -5.46449    -5.46502  0.00350189
          11    -5.45575    -5.46417  0.00328318
          12    -5.44222    -5.46234  0.00348224
          13    -5.46544    -5.46258  0.00322249
          14    -5.46813    -5.46298  0.00301656
          15    -5.46645    -5.46321  0.00282434
          16    -5.47829    -5.46415  0.00280071
          17     -5.4738    -5.46472  0.00269286
          18    -5.45453    -5.46415  0.00260203
          19    -5.47368    -5.46466  0.00251294
          20    -5.47122    -5.46498  0.00240866
