           1    -7.54844    -7.54844           0
           2    -7.55296     -7.5507  0.00159836
           3    -7.55141    -7.55093  0.00108298
           4    -7.55618    -7.55224  0.00139647
           5    -7.55353     -7.5525   0.0011406
           6     -7.5419    -7.55073  0.00187227
           7    -7.54566    -7.55001  0.00173966
           8    -7.54537    -7.54943  0.00161577
           9    -7.54339    -7.54876  0.00156952
          10    -7.54938    -7.54882  0.00141382
          11    -7.55502    -7.54938  0.00139305
          12    -7.56217    -7.55045  0.00163424
          13     -7.5247    -7.54847  0.00242859
          14     -7.5445    -7.54819  0.00227159
          15     -7.5474    -7.54813  0.00212074
          16    -7.56805    -7.54938    0.002325
          17    -7.55272    -7.54957  0.00219655
          18    -7.54898    -7.54954  0.00207477
          19    -7.54015    -7.54905  0.00202359
          20    -7.55024    -7.54911  0.00192329
