           1     7.58676     7.58676           0
           2     7.55615     7.57145    0.010824
           3     7.56305     7.56865  0.00756978
           4     7.54209     7.56201  0.00808047
           5     7.55583     7.56078  0.00655842
           6     7.61869     7.57043   0.0103685
           7     7.59886     7.57449  0.00965035
           8     7.60352     7.57812  0.00910069
           9     7.60837     7.58148  0.00868823
          10     7.57479     7.58081  0.00784512
          11     7.54584     7.57763  0.00774943
          12     7.50244     7.57137  0.00929805
          13     7.71449     7.58238   0.0136215
          14     7.60868     7.58425   0.0127775
          15     7.58854     7.58454   0.0119288
          16     7.47546     7.57772   0.0129861
          17     7.55792     7.57656   0.0122743
          18     7.57842     7.57666   0.0115929
          19     7.63134     7.57954   0.0113343
          20     7.57696     7.57941   0.0107683
