0	88.8838	78.5885
1	86.8432	78.5885
2	84.0547	73.8595
3	83.101	70.2763
4	82.8768	70.2797
5	83.192	70.2797
6	82.3828	68.4667
7	79.3813	68.8446
8	76.2525	67.5574
9	75.2446	67.5574
10	74.1071	62.8363
11	73.0564	59.6022
12	72.2474	59.6022
13	72.079	59.6022
14	72.4812	64.8616
15	72.4948	65.658
16	70.6484	65.3092
17	71.4894	59.6209
18	70.4573	58.1847
19	69.4896	58.1847
20	67.6473	58.1847
21	66.927	59.3043
22	64.9199	58.2174
23	64.9373	59.3043
24	63.9461	58.2174
25	63.6016	57.2371
26	63.4618	57.2371
27	64.4098	53.0835
28	63.3077	53.0835
29	63.2361	53.0835
30	62.9292	53.0835
31	62.2004	53.2963
32	61.956	55.7426
33	62.2693	56.8809
34	62.3939	56.8809
35	61.8222	56.8809
36	61.9169	56.8809
37	63.1679	52.1724
38	65.0435	52.1724
39	64.4102	52.1724
40	65.6882	52.3138
41	66.8809	56.536
42	68.3042	56.536
43	67.2933	54.7148
44	67.7513	57.4021
45	66.8235	57.4021
46	67.8924	59.1498
47	68.9677	60.4918
48	68.8506	59.2618
49	68.3423	60.6564
50	67.2389	60.6564
51	66.911	60.6564
52	67.5807	56.2556
53	67.5828	56.2556
54	67.0554	58.8639
55	66.9029	58.8639
56	67.9604	59.9353
57	69.3631	59.9353
58	70.6366	59.9353
59	69.9861	59.9353
60	69.728	59.9353
61	69.5567	62.4157
62	70.6611	62.688
63	70.7192	61.4322
64	70.8268	61.4322
65	70.1451	61.4322
66	70.2323	61.7631
67	69.3374	60.4269
68	67.0016	60.4269
69	66.9548	56.2602
70	67.0798	60.4269
71	67.3493	54.845
72	67.7343	55.4866
73	67.2273	60.4269
74	67.7169	60.4269
75	68.7154	60.4269
76	70.3991	58.2414
77	67.5584	58.3121
78	65.5949	58.3121
79	64.246	57.8502
80	64.1951	58.3121
81	65.4996	57.1312
82	65.7564	57.1312
83	65.7435	57.1312
84	64.6295	58.8305
85	64.6323	58.3045
86	64.8005	58.3045
87	64.5247	56.2036
88	64.9526	57.0334
89	64.1538	57.2282
90	64.1057	57.2282
91	64.4726	57.2282
92	65.125	52.2275
93	64.1804	52.2275
94	63.2398	53.5067
95	63.6474	53.5067
96	62.3468	54.167
97	62.0846	54.167
98	63.3909	54.167
99	62.3113	54.167
100	63.3058	54.4283
101	64.1037	58.1909
102	64.8663	54.431
103	63.654	51.9125
104	61.8582	51.9125
105	61.0478	51.9125
106	61.7972	51.9125
107	61.2888	50.7974
108	60.9739	50.7974
109	61.8396	50.7974
110	63.229	50.7976
111	62.0633	50.7976
112	61.4303	50.7976
113	61.3208	47.9406
114	58.1223	47.9406
115	56.0836	47.9406
116	55.8195	44.3476
117	55.4107	49.5277
118	53.3502	45.9827
119	53.8986	46.9802
120	54.3356	46.9802
121	54.3467	46.9802
122	55.0549	46.9802
123	54.3698	46.9802
124	52.1221	46.9802
125	52.0465	46.8085
126	51.5502	43.7171
127	51.4541	44.3953
128	52.2851	43.0872
129	52.8359	43.0872
130	51.4559	43.0872
131	49.0121	43.0872
132	49.8444	43.0872
133	50.1461	43.6993
134	51.3652	43.6993
135	50.0799	43.7171
136	49.3297	43.7171
137	50.1108	44.3473
138	50.0462	44.3473
139	48.7603	43.6993
140	48.895	44.8538
141	49.5286	43.9173
142	49.6575	43.9173
143	49.1955	43.9173
144	48.9413	43.3929
145	48.3277	43.3929
146	47.9196	43.3929
147	47.8173	43.3929
148	48.3486	43.3373
149	49	43.3373
150	49.941	43.3929
151	50.3638	43.3929
152	50.1437	43.1342
153	49.137	43.1342
154	48.7991	43.1342
155	48.1609	43.0476
156	47.5009	43.0476
157	47.8017	43.0476
158	48.6612	44.828
159	48.5834	42.9863
160	48.9358	43.6175
161	50.1555	44.4429
162	51.1643	44.4429
163	51.593	44.4429
164	51.5406	44.4429
165	51.9273	44.4429
166	50.9064	44.1199
167	51.8587	44.1199
168	52.0716	44.1199
169	52.1959	44.4481
170	52.3734	43.4031
171	52.7314	43.4031
172	54.6498	45.6111
173	55.6464	45.6111
174	56.1797	45.6111
175	55.5189	43.7701
176	50.4388	43.7701
177	50.1896	44.3387
178	48.6788	44.3387
179	48.6913	44.3387
180	48.7379	44.1439
181	47.5968	44.1439
182	47.4553	44.1439
183	47.313	44.2274
184	47.2087	45.8641
185	48.1297	45.328
186	48.5208	41.8711
187	47.4307	41.7124
188	47.633	41.7124
189	46.2609	41.9876
190	46.3481	41.7124
191	46.2716	41.7124
192	46.4633	41.7124
193	46.2051	41.7124
194	46.723	41.7124
195	46.5881	41.7124
196	46.7051	41.7124
197	47.2266	41.7124
198	45.2082	41.7124
199	45.2113	41.7124
200	46.764	38.0241
201	44.7502	38.0241
202	44.8621	38.0241
203	46.5304	41.7124
204	47.1488	41.7124
205	48.8327	41.7124
206	48.8554	41.7124
207	48.3383	41.7124
208	47.3402	41.7124
209	47.2743	41.7124
210	46.9961	41.9054
211	44.965	41.9054
212	45.6617	41.9054
213	47.0188	41.9054
214	47.1204	41.9054
215	46.7376	41.9054
216	46.559	41.9054
217	45.9051	41.9054
218	45.0278	42.0967
219	44.9093	42.0967
220	45.6905	41.9054
221	44.9524	41.9054
222	45.2917	41.9054
223	45.5373	38.8113
224	46.1775	40.8577
225	46.9517	38.8113
226	46.8501	38.8113
227	47.063	39.7769
228	47.5893	37.1581
229	46.2154	37.1581
230	46.1656	37.1581
231	43.8866	37.1581
232	41.7932	37.1581
233	40.7154	37.1581
234	40.2235	35.8996
235	38.9303	35.8996
236	38.7868	36.0058
237	40.6988	35.8996
238	40.4662	36.0058
239	39.9202	35.8996
240	38.6158	36.0058
241	39.3394	36.0058
242	40.031	36.0058
243	40.5212	36.0058
244	40.2149	36.0058
245	40.6864	36.0058
246	40.764	36.0058
247	41.5409	36.0058
248	41.6956	36.0058
249	40.8791	36.0058
250	40.9411	36.0058
251	41.6248	36.0058
252	40.4904	36.0058
253	40.0997	36.0058
254	39.3786	36.0058
255	40.1223	36.0058
256	40.4163	35.4242
257	39.1117	35.4242
258	39.3679	35.4242
259	39.2427	36.0058
260	38.7872	36.0058
261	37.9981	36.0058
262	37.2118	36.0058
263	37.8392	36.0058
264	37.8704	35.7701
265	38.1121	36.0058
266	39.814	36.0058
267	38.9558	34.0981
268	38.7681	34.0981
269	38.1889	34.0981
270	38.3366	34.0981
271	38.8327	34.0981
272	38.1248	34.1003
273	37.747	34.0981
274	37.9618	34.0981
275	37.4683	34.0981
276	37.3531	34.0981
277	37.4834	31.8106
278	37.3385	31.8106
279	37.6874	31.8106
280	38.4379	31.8106
281	37.4887	31.8106
282	36.7551	31.8106
283	35.7128	31.282
284	35.7246	31.282
285	36.7843	30.1948
286	35.9605	30.1948
287	33.9831	30.1948
288	34.7537	30.1948
289	34.9984	30.1948
290	34.9159	30.1948
291	35.0556	30.1948
292	36.3983	30.1948
293	35.1579	30.1948
294	34.3937	30.138
295	33.837	30.138
296	34.5463	30.138
297	36.5606	30.138
298	36.8369	30.138
299	35.9974	30.138
300	35.0641	30.138
301	36.2931	30.138
302	35.7715	30.138
303	35.0255	30.138
304	33.8377	30.138
305	33.6344	30.138
306	33.0548	30.138
307	32.8225	30.138
308	33.3836	30.138
309	33.463	30.138
310	33.4701	30.1472
311	32.7184	30.1472
312	34.0313	30.1472
313	33.0729	30.1472
314	32.6763	30.1472
315	32.4528	30.1472
316	32.4912	30.1472
317	32.5783	30.1472
318	31.724	30.1472
319	34.9747	30.1472
320	33.9738	30.1472
321	33.1473	30.1472
322	33.1242	30.138
323	32.3672	30.138
324	32.0967	30.138
325	33.0214	30.138
326	32.9717	30.138
327	33.1465	30.2
328	33.7042	30.2
329	34.1229	30.2
330	33.9717	30.2
331	33.5796	30.2
332	32.8814	30.2
333	32.5084	30.2
334	32.3187	30.2
335	32.5852	30.3894
336	31.8429	30.3894
337	31.8363	30.2
338	32.7149	30.2
339	32.3889	30.2
340	32.7378	30.2
341	31.7657	30.2
342	31.6043	30.2
343	32.9101	29.7769
344	32.6384	29.7769
345	32.2062	29.7769
346	31.9901	29.7769
347	32.0789	29.7769
348	31.2782	29.7769
349	31.6847	29.7769
350	31.8763	30.2
351	32.2436	29.5615
352	32.8973	30.2
353	32.0837	30.2
354	31.9972	30.2
355	32.7919	30.2
356	32.0852	30.2
357	31.242	30.2
358	31.875	30.1472
359	32.7913	30.1472
360	32.0886	30.1472
361	31.1415	30.1472
362	31.8041	30.1472
363	32.0838	29.7769
364	31.407	29.7769
365	31.7266	29.7769
366	31.8576	30.0536
367	31.4438	30.0536
368	31.9897	30.0536
369	31.1612	30.0536
370	30.9924	30.0536
371	31.2742	30.0536
372	30.6231	30.0536
373	31.1226	30.0536
374	30.7336	30.1472
375	30.8243	30.0536
376	31.4674	30.0536
377	31.5637	30.1472
378	31.4904	30.1472
379	32.5584	30.142
380	32.4717	30.142
381	31.5771	30.142
382	31.4467	30.142
383	31.3109	30.1472
384	31.3407	30.1472
385	32.1548	30.1472
386	31.4237	30.1472
387	32.5485	30.1472
388	30.7549	30.1472
389	31.1178	30.1472
390	31.3235	30.1472
391	32.5294	30.1472
392	31.2153	30.1472
393	31.573	30.1472
394	31.7335	30.1472
395	31.0598	30.1472
396	31.3518	30.1472
397	31.5477	30.1472
398	33.5734	30.1472
399	32.2973	30.1472
400	32.189	30.142
401	33.1422	29.7769
402	31.9783	29.7769
403	31.3546	30.0536
404	32.09	30.259
405	32.439	30.0536
406	32.2959	30.1472
407	32.3226	30.1472
408	32.5185	30.1472
409	32.2366	30.1472
410	32.1025	30.1472
411	33.8173	30.1472
412	34.0502	30.1472
413	31.8481	30.1472
414	32.087	30.1472
415	33.1652	30.1472
416	33.735	30.3648
417	33.8264	30.1489
418	34.6526	30.1472
419	36.7291	30.1472
420	37.1619	30.1472
421	36.4795	30.1472
422	35.5533	30.1472
423	34.0088	30.1472
424	35.0573	30.1472
425	33.2725	30.1472
426	31.3644	30.3783
427	31.091	30.3783
428	31.5918	30.3783
429	30.8985	30.3783
430	31.6594	30.3783
431	32.4846	30.3783
432	33.3519	30.3783
433	31.9449	30.3783
434	32.9853	30.3783
435	33.9058	30.3783
436	33.9389	30.3783
437	33.5468	30.1472
438	33.277	30.1472
439	32.1402	30.1472
440	32.3366	30.1472
441	32.5812	30.1472
442	32.497	30.0414
443	31.8118	30.1472
444	31.1153	30.4959
445	32.2288	30.4959
446	32.7993	30.4959
447	34.4181	30.1472
448	34.6114	30.1472
449	33.1531	30.1472
450	32.5614	30.1472
451	32.3517	30.1472
452	32.6736	30.1472
453	31.4872	30.1472
454	32.3244	30.1472
455	32.6691	30.1472
456	31.5555	30.1472
457	32.0956	30.1472
458	31.2459	30.1472
459	32.5367	30.1472
460	31.4053	30.1472
461	31.6102	29.8306
462	31.7813	29.8306
463	32.0967	29.8306
464	32.2089	29.8306
465	32.5617	30.1472
466	32.7525	30.1472
467	32.5385	30.1472
468	32.7875	30.1472
469	34.2913	30.1472
470	34.1614	30.1472
471	33.9309	30.1472
472	33.7158	30.1472
473	33.1785	30.1472
474	32.6612	30.1472
475	32.7585	30.1472
476	31.6236	30.1472
477	32.0382	30.1472
478	32.1525	30.1472
479	31.3905	30.1472
480	30.8319	30.1472
481	30.6351	30.0536
482	30.6141	30.0536
483	31.1004	30.1472
484	30.884	30.1472
485	32.0017	30.1472
486	32.8237	30.1472
487	32.0955	30.0536
488	32.9332	30.1472
489	32.9537	30.1472
490	31.1947	30.0536
491	30.5401	30.142
492	30.5227	30.142
493	31.3806	30.1472
494	30.4238	29.5998
495	31.008	30.0414
496	32.0309	30.0414
497	32.4723	30.0414
498	33.2019	30.0414
499	32.2143	30.0414
500	32.6175	30.0414
501	32.6213	30.0414
502	32.4089	29.5998
503	33.4793	29.5998
504	33.3113	30.0414
505	31.5542	30.0414
506	32.7299	30.0414
507	32.1924	30.0414
508	31.8229	30.0414
509	32.1187	30.1472
510	33.3128	30.1472
511	33.1082	30.1472
512	31.1564	30.1472
513	31.9778	30.1472
514	32.1919	30.1472
515	32.4108	30.1472
516	32.7678	30.1472
517	33.6251	30.1472
518	32.1067	30.1472
519	32.0292	30.1472
520	32.2637	30.1472
521	32.7893	30.1472
522	32.8098	30.1472
523	33.3341	30.1472
524	32.6542	30.1472
525	32.7708	30.1472
526	33.2512	30.1472
527	33.6049	30.1472
528	33.1811	30.1472
529	33.3861	30.1472
530	32.8744	30.1472
531	31.8724	30.1472
532	32.0333	30.1472
533	31.9363	30.1472
534	32.9997	30.1472
535	32.7399	30.142
536	33.8308	30.142
537	33.5086	30.142
538	32.9658	30.142
539	32.9884	30.142
540	31.9786	30.142
541	32.0685	30.142
542	31.741	30.142
543	31.0561	30.142
544	31.1138	30.142
545	31.9564	30.142
546	32.8346	30.142
547	32.6877	30.142
548	32.4	30.142
549	32.9046	30.142
550	33.5272	30.142
551	31.8742	30.142
552	31.7102	30.142
553	31.8386	30.142
554	31.2969	30.142
555	31.4193	30.142
556	31.032	30.142
557	30.6565	30.142
558	30.2582	30.142
559	30.6118	30.142
560	31.9917	30.142
561	33.158	30.142
562	31.2849	30.142
563	31.4433	30.142
564	32.8919	30.142
565	32.4067	30.142
566	33.457	29.7536
567	31.7911	29.7536
568	31.9529	29.7536
569	32.1283	29.7536
570	31.1933	29.7536
571	31.8385	30.142
572	31.255	30.142
573	30.5637	30.142
574	30.341	30.142
575	31.218	30.142
576	32.2936	29.7536
577	31.3282	29.7536
578	31.2773	30.0484
579	32.1861	30.0484
580	32.1696	30.142
581	32.1915	30.142
582	31.5974	30.142
583	31.2488	30.142
584	31.4842	30.142
585	32.5571	30.142
586	32.1487	30.142
587	31.8562	30.142
588	32.674	30.142
589	32.6365	29.7595
590	32.7388	29.7595
591	32.4131	29.7595
592	31.9423	29.7595
593	32.9993	29.7595
594	33.2003	29.7595
595	32.4183	29.7595
596	31.8771	29.7595
597	31.7874	29.7595
598	31.4972	29.7595
599	31.5135	29.7595
600	31.4124	29.7595
601	31.8794	29.7595
602	32.0927	29.7595
603	31.8005	29.7595
604	31.7191	29.7595
605	32.8704	29.7595
606	33.6716	29.7595
607	33.093	29.7595
608	32.5024	29.7595
609	32.2196	29.5945
610	32.8603	29.7595
611	33.6358	29.7595
612	32.7345	29.7595
613	32.5011	29.7595
614	31.5606	29.7595
615	32.1014	29.7595
616	32.0712	29.7595
617	33.0815	29.7595
618	33.2896	29.7595
619	32.6767	29.7595
620	32.3879	29.7595
621	32.2791	29.7595
622	32.6392	29.7595
623	32.5973	29.7595
624	31.5178	29.3142
625	31.1315	29.3142
626	31.7262	29.3142
627	31.9674	29.3142
628	32.1364	29.3142
629	33.2502	29.3142
630	32.2006	29.3142
631	31.8667	29.3142
632	32.1875	29.3142
633	31.3504	29.3142
634	31.528	29.3142
635	32.2042	29.3142
636	32.7567	29.3142
637	32.2859	29.3142
638	33.3848	29.3142
639	33.6938	29.3142
640	32.6788	29.3142
641	31.5525	29.3142
642	31.6135	29.3142
643	31.0102	29.3142
644	32.3665	29.3142
645	31.6321	29.3142
646	32.0489	29.3142
647	32.0968	29.3142
648	31.1767	29.3142
649	31.8149	29.3142
650	31.4815	29.3142
651	32.3027	29.3142
652	31.6112	29.3142
653	31.2101	29.3142
654	31.418	29.3142
655	32.7548	29.3142
656	32.1315	29.2853
657	32.0901	29.3142
658	31.3028	29.3142
659	31.6663	29.1748
660	30.6368	29.1748
661	30.9972	29.1748
662	31.5414	29.3142
663	32.026	29.3142
664	31.2553	29.3142
665	31.7789	29.3142
666	31.6266	29.2853
667	31.1265	29.3142
668	30.8827	29.1748
669	31.5236	29.3142
670	32.0712	29.3142
671	32.344	29.3142
672	31.9998	29.5945
673	32.6666	29.5945
674	32.7799	29.5945
675	32.8565	29.3142
676	31.8502	29.3142
677	31.6349	29.3142
678	32.1007	29.3164
679	33.3059	29.3164
680	32.1614	29.3164
681	31.7074	29.3164
682	32.1732	29.3164
683	31.3528	29.3164
684	30.3097	29.3164
685	31.0148	29.3164
686	32.271	29.3164
687	31.3765	29.3164
688	31.107	29.3164
689	30.8517	29.3164
690	30.3269	29.2874
691	31.9156	29.3164
692	32.2936	29.3164
693	31.6702	29.3164
694	31.2714	29.3164
695	31.4607	29.3164
696	31.7261	29.3164
697	31.7821	29.3164
698	32.2417	29.3164
699	31.0648	29.3164
700	31.124	29.3164
701	31.8357	29.3164
702	32.1773	29.3164
703	31.9592	29.3164
704	32.4533	29.3164
705	31.2874	29.3164
706	31.5651	29.3164
707	31.8006	29.3164
708	31.0107	29.3164
709	31.4869	29.3164
710	31.0957	29.3164
711	31.5268	29.3164
712	31.7229	29.3164
713	33.1327	29.5967
714	32.1682	29.5967
715	32.0504	29.5967
716	32.3149	29.3164
717	32.2034	29.3164
718	31.6518	29.3164
719	31.5915	29.5967
720	30.858	29.3164
721	31.2582	29.3164
722	31.1343	29.3164
723	30.3423	29.3164
724	30.3911	29.3164
725	30.6247	29.3164
726	30.1834	29.3164
727	30.7434	29.3164
728	31.089	29.3164
729	30.3697	29.3164
730	29.7521	29.3164
731	30.0203	29.2874
732	29.3447	29.3164
733	29.6477	29.3164
734	29.5808	29.3164
735	29.624	29.3164
736	29.7086	29.5967
737	30.5099	29.5967
738	30.9738	29.3164
739	32.5675	29.3164
740	31.5355	29.3164
741	31.2522	29.3164
742	31.1469	29.2874
743	31.7196	29.2874
744	30.5864	29.2874
745	30.5767	29.2874
746	29.7088	29.2874
747	30.9931	29.2874
748	31.6296	29.2874
749	31.0866	29.2874
750	31.278	29.2874
751	31.2497	29.2874
752	31.1125	29.2874
753	30.6779	29.2874
754	31.2914	29.2874
755	31.6263	29.2874
756	32.2666	29.2874
757	32.5951	29.2874
758	31.6314	29.2874
759	30.9261	29.2874
760	31.0357	29.2874
761	31.3428	29.2874
762	30.5024	29.5967
763	30.9019	29.5967
764	30.8636	29.5967
765	31.7089	29.2874
766	30.7261	29.2874
767	30.9616	29.5967
768	31.4309	29.5967
769	32.3443	29.3164
770	31.5246	29.3164
771	32.8861	29.3164
772	31.7123	29.3164
773	30.2714	29.3164
774	30.0713	29.3164
775	30.6804	29.3142
776	30.1314	29.5967
777	30.4614	29.5967
778	31.5697	29.3164
779	31.6145	29.3164
780	31.627	29.3164
781	32.5722	29.5967
782	32.4255	29.3164
783	32.563	29.3164
784	33.3491	29.3164
785	33.3282	29.3164
786	32.459	29.3164
787	32.2957	29.3164
788	32.0378	29.3164
789	32.3624	29.3164
790	32.2088	29.3164
791	31.9857	29.3164
792	31.4596	29.3164
793	31.7677	29.3164
794	32.03	29.3164
795	32.6435	29.3164
796	31.4561	29.3164
797	30.4873	29.3164
798	30.2757	29.3164
799	30.442	29.3164
800	30.9527	29.3164
801	31.2779	29.3164
802	30.1884	29.3164
803	30.28	29.3164
804	31.2518	29.3164
805	30.6189	29.3164
806	30.808	29.3164
807	30.4401	29.3164
808	31.2085	29.3164
809	30.5342	29.3164
810	31.2277	29.3164
811	30.485	29.3164
812	30.214	29.3164
813	30.2525	29.3164
814	31.3742	29.3164
815	30.9523	29.3164
816	30.0033	29.3164
817	30.8176	29.3164
818	30.4285	29.3164
819	31.2598	29.3164
820	30.4489	29.3164
821	30.1247	29.3164
822	29.6051	29.3164
823	29.6363	29.3164
824	29.5736	29.3164
825	29.6313	29.3164
826	29.6991	29.3164
827	29.8844	29.3164
828	30.6898	29.3164
829	29.9934	28.2674
830	29.7547	28.2674
831	29.7915	28.2674
832	30.326	28.2674
833	29.8342	28.2674
834	30.2071	29.2874
835	29.9322	29.2874
836	30.3651	29.2874
837	31.162	29.2874
838	30.6314	29.5967
839	31.0121	29.2874
840	30.5453	29.2874
841	30.9806	29.3164
842	30.7385	29.3164
843	30.7242	29.3164
844	31.2569	29.3164
845	30.4361	29.3164
846	30.4798	29.3164
847	31.3014	29.3164
848	30.5341	29.3164
849	30.1643	29.3164
850	29.9061	29.3164
851	29.7451	29.3164
852	30.0427	29.3164
853	31.3208	29.3164
854	30.6129	29.3164
855	31.0458	29.3164
856	30.8714	29.3164
857	31.3153	29.3164
858	30.0918	29.3164
859	32.1104	29.3164
860	31.0072	29.3164
861	32.6818	29.3164
862	31.8979	29.3164
863	31.5258	29.3164
864	31.3454	29.3164
865	30.5915	29.3164
866	30.5342	29.3164
867	29.766	28.8206
868	29.6015	28.8206
869	29.6374	28.8206
870	30.4829	28.8153
871	30.2264	28.8206
872	30.0804	28.8153
873	30.2886	28.8153
874	30.732	28.8153
875	30.2963	28.8153
876	31.407	28.8153
877	30.9681	28.8153
878	31.3325	28.8153
879	31.5416	28.8153
880	31.0008	28.8153
881	30.6602	28.8153
882	31.0544	28.8153
883	30.4385	29.3164
884	30.2501	29.5967
885	30.5592	29.5967
886	31.5481	28.8153
887	32.3797	28.8153
888	31.2817	28.8153
889	32.7046	28.8153
890	31.6419	28.8153
891	32.4145	29.5967
892	32.418	29.5967
893	32.6509	29.5967
894	31.6297	29.5967
895	31.3661	29.5967
896	30.9258	29.5967
897	31.439	29.5967
898	31.3734	29.5967
899	30.9235	29.5967
900	30.1279	29.5967
901	30.089	29.5967
902	29.4982	29.5967
903	29.9239	29.5967
904	30.7702	29.5967
905	31.7675	29.5967
906	31.6731	29.3142
907	32.5836	29.3164
908	31.0551	29.3164
909	31.7741	29.3142
910	30.7214	29.3164
911	31.1117	29.3164
912	30.8168	29.5967
913	31.4135	29.3164
914	31.0378	29.3164
915	31.8259	29.3164
916	31.8428	28.6129
917	31.6125	28.6129
918	31.7716	28.6129
919	32.4555	29.3164
920	31.8397	29.3164
921	31.321	29.3164
922	31.6977	29.3164
923	32.378	29.3164
924	32.5224	29.3164
925	32.3321	29.3164
926	30.4561	29.3164
927	30.4824	29.3164
928	31.2612	29.3164
929	32.4401	29.3164
930	31.5333	29.3164
931	30.8689	29.3164
932	31.9284	29.2177
933	30.9189	29.2177
934	31.779	29.2177
935	31.205	29.2177
936	30.9777	29.2177
937	31.604	29.3164
938	31.2834	29.3164
939	30.9694	29.3164
940	30.7843	29.3164
941	31.7021	29.3164
942	31.7324	29.3164
943	32.1595	29.3164
944	31.4607	29.3164
945	30.908	29.5967
946	31.1259	29.5967
947	30.5712	29.5967
948	31.0811	29.5967
949	31.2338	29.5967
950	31.543	29.5967
951	30.18	29.5967
952	31.4968	29.5967
953	30.4969	29.5967
954	29.6727	29.5967
955	30.6818	29.5967
956	31.072	29.5967
957	31.7104	29.5967
958	31.5122	29.5967
959	31.6597	29.5967
960	31.3576	29.5967
961	30.6365	29.5967
962	31.0311	29.5967
963	31.2166	29.5967
964	32.0898	29.5967
965	32.0581	29.5967
966	33.1325	29.5967
967	32.599	29.3164
968	33.7008	29.3164
969	33.1389	29.3164
970	32.0252	29.3164
971	32.0499	29.3164
972	31.8392	29.3164
973	32.0707	29.3164
974	31.7119	29.3164
975	31.0554	29.3164
976	31.6346	28.6129
977	31.0224	29.3164
978	31.7631	29.3164
979	32.3005	29.3164
980	31.3234	29.3164
981	31.9009	29.2877
982	32.1278	29.2877
983	33.1088	29.2877
984	32.5984	29.3164
985	31.0199	29.3164
986	31.101	29.3164
987	31.7252	29.3164
988	32.5364	29.3164
989	32.7721	29.3164
990	32.9905	29.3164
991	32.3927	29.3164
992	31.5512	29.3164
993	29.8863	29.3164
994	30.3685	27.8369
995	30.4599	27.8369
996	29.9635	27.8369
997	29.95	27.8369
998	30.3128	27.8369
999	29.8732	27.8369
