   0.0323165           0           0
   0.0969496           0           0
    0.161583           0           0
    0.226216           0           0
    0.290849           0           0
    0.355482           0           0
    0.420115           0           0
    0.484748           0           0
    0.549381           0           0
    0.614014           0           0
    0.678647           0           0
     0.74328           0           0
    0.807913           0           0
    0.872546  0.00104769 0.000644627
    0.937179    0.150635   0.0114728
     1.00181     1.06669    0.055095
     1.06645     2.18213    0.112128
     1.13108     2.49699    0.125458
     1.19571      2.2466   0.0895403
     1.26034     1.95641   0.0707813
     1.32498     1.62746   0.0616441
     1.38961     1.42797   0.0428401
     1.45424     1.31843   0.0378167
     1.51888     1.26288   0.0368707
     1.58351     1.18432   0.0354123
     1.64814     1.10644   0.0268909
     1.71278     1.10157   0.0164352
     1.77741     1.06157   0.0260542
     1.84204     1.06011   0.0177761
     1.90667     1.09218   0.0300454
     1.97131      1.0685   0.0256869
     2.03594     1.06725   0.0174205
     2.10057     1.05188    0.023615
     2.16521     1.07272   0.0224545
     2.22984       1.037   0.0192465
     2.29447     1.05452    0.019522
     2.35911     1.05603   0.0182585
     2.42374     1.04155    0.022365
     2.48837     1.02668   0.0203403
     2.55301     1.02924   0.0191369
     2.61764     1.00987    0.014906
     2.68227     1.04149   0.0161907
      2.7469     1.05138   0.0182488
     2.81154     1.05646   0.0183039
     2.87617     1.02671   0.0161119
      2.9408     1.01265   0.0171971
     3.00544     1.01461   0.0149722
     3.07007     1.00747    0.011777
      3.1347     1.01882   0.0134834
     3.19934     1.01907    0.015406
     3.26397     1.01653   0.0163369
      3.3286     1.00669    0.018077
     3.39323    0.997061   0.0135955
     3.45787     1.00574   0.0143711
      3.5225     1.00976   0.0137504
     3.58713     1.02336   0.0136882
     3.65177     1.02638   0.0139901
      3.7164     1.00262   0.0128844
     3.78103    0.995491   0.0148747
     3.84567    0.997739    0.011081
      3.9103     0.99591   0.0113598
     3.97493    0.997496   0.0147581
     4.03957    0.986678   0.0103981
      4.1042    0.983304   0.0122675
     4.16883     1.00155   0.0115289
     4.23346     0.99799   0.0122041
      4.2981    0.989028   0.0129233
     4.36273    0.981731  0.00967368
     4.42736    0.979902   0.0105243
       4.492    0.973975  0.00928201
     4.55663    0.960827    0.010607
     4.62126    0.963477   0.0111385
      4.6859    0.966333   0.0107639
     4.75053    0.957089   0.0105832
     4.81516    0.959904  0.00928741
     4.87979    0.972001  0.00882109
     4.94443    0.967992  0.00700432
     5.00906    0.975141  0.00488718
     5.07369    0.958958  0.00618287
     5.13833    0.962667   0.0092575
     5.20296    0.959099  0.00962168
     5.26759    0.969759   0.0100549
     5.33223    0.984198  0.00805126
     5.39686    0.982297  0.00979482
     5.46149    0.981953   0.0102764
     5.52612    0.980056  0.00853903
     5.59076    0.989594   0.0095864
     5.65539    0.997166  0.00955322
     5.72002     1.00006  0.00777045
     5.78466    0.998453  0.00908912
     5.84929     1.00379  0.00959127
     5.91392    0.989319  0.00965109
     5.97856    0.991461  0.00689245
     6.04319    0.998292  0.00711105
     6.10782    0.992217  0.00840758
     6.17246    0.984395  0.00929984
     6.23709    0.979229  0.00670678
     6.30172     0.98338  0.00777627
     6.36635    0.979594  0.00921592
     6.43099    0.978405  0.00908372
