   0.0128248           0           0
   0.0384745           0           0
   0.0641241           0           0
   0.0897737           0           0
    0.115423           0           0
    0.141073           0           0
    0.166723           0           0
    0.192372           0           0
    0.218022           0           0
    0.243672           0           0
    0.269321           0           0
    0.294971           0           0
     0.32062           0           0
     0.34627           0           0
     0.37192           0           0
    0.397569           0           0
    0.423219           0           0
    0.448869           0           0
    0.474518           0           0
    0.500168           0           0
    0.525818           0           0
    0.551467           0           0
    0.577117           0           0
    0.602767           0           0
    0.628416           0           0
    0.654066           0           0
    0.679715           0           0
    0.705365           0           0
    0.731015           0           0
    0.756664           0           0
    0.782314           0           0
    0.807964           0           0
    0.833613           0           0
    0.859263           0           0
    0.884913  0.00165069 0.000315018
    0.910562   0.0316133  0.00155178
    0.936212    0.189056  0.00329913
    0.961861    0.623057  0.00767382
    0.987511     1.25531     0.01184
     1.01316     1.91512    0.011708
     1.03881     2.34907   0.0146391
     1.06446     2.51497   0.0141882
     1.09011     2.50488   0.0135405
     1.11576     2.36564   0.0117828
     1.14141     2.16779   0.0129735
     1.16706       1.951   0.0134111
     1.19271     1.73322   0.0154534
     1.21836      1.5655  0.00989901
     1.24401     1.39462  0.00775944
     1.26966     1.24988   0.0111054
     1.29531     1.12465   0.0119594
     1.32096     1.01527  0.00796269
     1.34661    0.924488  0.00780225
     1.37226    0.868028  0.00710418
     1.39791    0.810696   0.0090413
     1.42355    0.766844  0.00753235
      1.4492    0.737547  0.00716127
     1.47485    0.712356  0.00532932
      1.5005    0.685651  0.00524555
     1.52615    0.684081  0.00565318
      1.5518    0.675857  0.00582581
     1.57745     0.67804  0.00469352
      1.6031    0.680283  0.00339465
     1.62875    0.695714  0.00599646
      1.6544    0.709501  0.00666441
     1.68005     0.72412  0.00595775
      1.7057    0.760148  0.00494314
     1.73135    0.785229  0.00387973
       1.757    0.822258  0.00488069
     1.78265    0.863105  0.00583814
      1.8083     0.90221  0.00503254
     1.83395    0.941047  0.00711199
      1.8596    0.976254  0.00686991
     1.88525     1.02023  0.00674342
      1.9109     1.05267  0.00642524
     1.93655     1.09135  0.00679769
      1.9622     1.12323  0.00692624
     1.98785     1.15676  0.00603449
      2.0135     1.18091  0.00603672
     2.03915     1.20191  0.00526695
      2.0648     1.21757  0.00660556
     2.09045     1.21109  0.00587277
      2.1161     1.20567  0.00479621
     2.14174     1.18307  0.00516556
     2.16739     1.17764  0.00608759
     2.19304     1.15238  0.00706767
     2.21869     1.12498  0.00686782
     2.24434     1.10339  0.00597139
     2.26999     1.06586  0.00535239
     2.29564     1.03747  0.00624031
     2.32129     1.01466  0.00402558
     2.34694    0.986229  0.00526014
     2.37259    0.961337  0.00589689
     2.39824    0.943253  0.00565271
     2.42389    0.932175  0.00450667
     2.44954    0.911322  0.00465011
     2.47519    0.901245  0.00461727
     2.50084    0.888129  0.00440941
     2.52649    0.891328  0.00409793
     2.55214     0.88691  0.00555015
