           1   0.0115332           0
           1   0.0345996           0
           1   0.0576661           0
           1   0.0807325           0
           1    0.103799           0
           1    0.126865           0
           1    0.149932           0
           1    0.172998           0
           1    0.196065           0
           1    0.219131           0
           1    0.242198           0
           1    0.265264           0
           1     0.28833           0
           1    0.311397           0
           1    0.334463           0
           1     0.35753           0
           1    0.380596           0
           1    0.403663           0
           1    0.426729           0
           1    0.449795           0
           1    0.472862           0
           1    0.495928           0
           1    0.518995           0
           1    0.542061           0
           1    0.565128           0
           1    0.588194           0
           1     0.61126           0
           1    0.634327           0
           1    0.657393           0
           1     0.68046           0
           1    0.703526           0
           1    0.726593           0
           1    0.749659           0
           1    0.772725           0
           1    0.795792           0
           1    0.818858           0
           1    0.841925           0
           1    0.864991           0
           1    0.888058           0
           1    0.911124  0.00244857
           1     0.93419   0.0532378
           1    0.957257    0.300733
           1    0.980323     1.02281
           1     1.00339     2.18714
           1     1.02646     3.63198
           1     1.04952     4.58239
           1     1.07259     4.86373
           1     1.09566     4.63836
           1     1.11872     3.69685
           1     1.14179     2.72773
           1     1.16485     1.81374
           1     1.18792     1.11101
           1     1.21099    0.617613
           1     1.23405    0.315962
           1     1.25712     0.16905
           1     1.28019   0.0747734
           1     1.30325    0.036075
           1     1.32632   0.0283932
           1     1.34939   0.0408273
           1     1.37245   0.0894162
           1     1.39552    0.180723
           1     1.41859     0.28442
           1     1.44165    0.450183
           1     1.46472    0.594211
           1     1.48778    0.814959
           1     1.51085    0.970531
           1     1.53392     1.00944
           1     1.55698     1.01533
           1     1.58005    0.836204
           1     1.60312    0.647343
           1     1.62618    0.463623
           1     1.64925    0.290604
           1     1.67232     0.17133
           1     1.69538    0.159729
           1     1.71845    0.218405
           1     1.74152     0.39075
           1     1.76458    0.735835
           1     1.78765      1.1626
           1     1.81071     1.71817
           1     1.83378     2.25743
           1     1.85685     2.66375
           1     1.87991     2.80454
           1     1.90298     2.62421
           1     1.92605     2.19734
           1     1.94911     1.72484
           1     1.97218     1.17629
           1     1.99525    0.751917
           1     2.01831     0.49345
           1     2.04138    0.400551
           1     2.06445    0.463399
           1     2.08751    0.578297
           1     2.11058    0.756734
           1     2.13364    0.919261
           1     2.15671     1.00359
           1     2.17978     1.02842
           1     2.20284    0.930936
           1     2.22591     0.76803
           1     2.24898    0.653948
           1     2.27204    0.533123
           1     2.29511    0.521138
           2   0.0115332           0
           2   0.0345996           0
           2   0.0576661           0
           2   0.0807325           0
           2    0.103799           0
           2    0.126865           0
           2    0.149932           0
           2    0.172998           0
           2    0.196065           0
           2    0.219131           0
           2    0.242198           0
           2    0.265264           0
           2     0.28833           0
           2    0.311397           0
           2    0.334463           0
           2     0.35753           0
           2    0.380596           0
           2    0.403663           0
           2    0.426729           0
           2    0.449795           0
           2    0.472862           0
           2    0.495928           0
           2    0.518995           0
           2    0.542061           0
           2    0.565128           0
           2    0.588194           0
           2     0.61126           0
           2    0.634327           0
           2    0.657393           0
           2     0.68046           0
           2    0.703526           0
           2    0.726593           0
           2    0.749659           0
           2    0.772725           0
           2    0.795792           0
           2    0.818858           0
           2    0.841925           0
           2    0.864991           0
           2    0.888058           0
           2    0.911124 0.000699593
           2     0.93419   0.0332737
           2    0.957257    0.319747
           2    0.980323     1.05151
           2     1.00339      2.1857
           2     1.02646     3.65155
           2     1.04952     4.72712
           2     1.07259     4.89654
           2     1.09566     4.31858
           2     1.11872     3.68803
           2     1.14179     2.71325
           2     1.16485     1.78999
           2     1.18792     1.14702
           2     1.21099    0.671473
           2     1.23405    0.337509
           2     1.25712    0.187241
           2     1.28019   0.0891257
           2     1.30325    0.048556
           2     1.32632   0.0392883
           2     1.34939    0.055978
           2     1.37245    0.107145
           2     1.39552     0.17461
           2     1.41859    0.325401
           2     1.44165    0.444454
           2     1.46472    0.624937
           2     1.48778    0.815353
           2     1.51085    0.934656
           2     1.53392    0.958223
           2     1.55698    0.909678
           2     1.58005    0.801541
           2     1.60312    0.624857
           2     1.62618    0.482401
           2     1.64925    0.349216
           2     1.67232    0.214422
           2     1.69538    0.186199
           2     1.71845    0.245054
           2     1.74152    0.428954
           2     1.76458    0.718582
           2     1.78765     1.16251
           2     1.81071     1.73553
           2     1.83378     2.28317
           2     1.85685     2.61406
           2     1.87991     2.73642
           2     1.90298     2.57858
           2     1.92605     2.20125
           2     1.94911     1.65643
           2     1.97218     1.18711
           2     1.99525     0.77898
           2     2.01831    0.559961
           2     2.04138    0.439157
           2     2.06445    0.462308
           2     2.08751    0.567434
           2     2.11058    0.733983
           2     2.13364    0.911352
           2     2.15671     1.04323
           2     2.17978     1.02439
           2     2.20284    0.918548
           2     2.22591    0.769964
           2     2.24898    0.643154
           2     2.27204    0.566482
           2     2.29511    0.571471
           3   0.0115332           0
           3   0.0345996           0
           3   0.0576661           0
           3   0.0807325           0
           3    0.103799           0
           3    0.126865           0
           3    0.149932           0
           3    0.172998           0
           3    0.196065           0
           3    0.219131           0
           3    0.242198           0
           3    0.265264           0
           3     0.28833           0
           3    0.311397           0
           3    0.334463           0
           3     0.35753           0
           3    0.380596           0
           3    0.403663           0
           3    0.426729           0
           3    0.449795           0
           3    0.472862           0
           3    0.495928           0
           3    0.518995           0
           3    0.542061           0
           3    0.565128           0
           3    0.588194           0
           3     0.61126           0
           3    0.634327           0
           3    0.657393           0
           3     0.68046           0
           3    0.703526           0
           3    0.726593           0
           3    0.749659           0
           3    0.772725           0
           3    0.795792           0
           3    0.818858           0
           3    0.841925           0
           3    0.864991           0
           3    0.888058           0
           3    0.911124  0.00419756
           3     0.93419   0.0519069
           3    0.957257    0.320698
           3    0.980323    0.988662
           3     1.00339     2.14185
           3     1.02646     3.65293
           3     1.04952      4.6483
           3     1.07259     4.86221
           3     1.09566     4.47678
           3     1.11872     3.78409
           3     1.14179     2.71303
           3     1.16485     1.81588
           3     1.18792     1.09187
           3     1.21099     0.65187
           3     1.23405     0.35734
           3     1.25712    0.175849
           3     1.28019   0.0731787
           3     1.30325   0.0471882
           3     1.32632   0.0307043
           3     1.34939   0.0480039
           3     1.37245   0.0909579
           3     1.39552    0.181767
           3     1.41859    0.287594
           3     1.44165    0.439424
           3     1.46472    0.650654
           3     1.48778     0.80617
           3     1.51085    0.983761
           3     1.53392    0.980809
           3     1.55698    0.934594
           3     1.58005    0.778162
           3     1.60312    0.640111
           3     1.62618    0.474055
           3     1.64925    0.302348
           3     1.67232    0.219406
           3     1.69538    0.194584
           3     1.71845    0.244956
           3     1.74152    0.419953
           3     1.76458    0.743203
           3     1.78765     1.19895
           3     1.81071     1.74191
           3     1.83378      2.1918
           3     1.85685     2.55182
           3     1.87991     2.72261
           3     1.90298     2.60409
           3     1.92605      2.2108
           3     1.94911     1.71513
           3     1.97218     1.24587
           3     1.99525    0.786858
           3     2.01831    0.535296
           3     2.04138    0.415325
           3     2.06445    0.456312
           3     2.08751    0.586293
           3     2.11058    0.730658
           3     2.13364     0.90829
           3     2.15671     1.00627
           3     2.17978     1.01657
           3     2.20284    0.915377
           3     2.22591     0.80806
           3     2.24898    0.662733
           3     2.27204    0.561081
           3     2.29511     0.55824
           4   0.0115332           0
           4   0.0345996           0
           4   0.0576661           0
           4   0.0807325           0
           4    0.103799           0
           4    0.126865           0
           4    0.149932           0
           4    0.172998           0
           4    0.196065           0
           4    0.219131           0
           4    0.242198           0
           4    0.265264           0
           4     0.28833           0
           4    0.311397           0
           4    0.334463           0
           4     0.35753           0
           4    0.380596           0
           4    0.403663           0
           4    0.426729           0
           4    0.449795           0
           4    0.472862           0
           4    0.495928           0
           4    0.518995           0
           4    0.542061           0
           4    0.565128           0
           4    0.588194           0
           4     0.61126           0
           4    0.634327           0
           4    0.657393           0
           4     0.68046           0
           4    0.703526           0
           4    0.726593           0
           4    0.749659           0
           4    0.772725           0
           4    0.795792           0
           4    0.818858           0
           4    0.841925           0
           4    0.864991           0
           4    0.888058           0
           4    0.911124  0.00209878
           4     0.93419    0.037932
           4    0.957257      0.2776
           4    0.980323     1.01072
           4     1.00339     2.29847
           4     1.02646     3.70281
           4     1.04952     4.75533
           4     1.07259     4.78699
           4     1.09566     4.32269
           4     1.11872     3.52399
           4     1.14179     2.71125
           4     1.16485     1.77608
           4     1.18792     1.18488
           4     1.21099    0.722165
           4     1.23405    0.385561
           4     1.25712    0.184853
           4     1.28019    0.108262
           4     1.30325   0.0533432
           4     1.32632   0.0442406
           4     1.34939   0.0696934
           4     1.37245     0.10807
           4     1.39552    0.184451
           4     1.41859    0.319774
           4     1.44165    0.460802
           4     1.46472    0.621688
           4     1.48778    0.793575
           4     1.51085    0.901579
           4     1.53392    0.957359
           4     1.55698    0.903209
           4     1.58005     0.79968
           4     1.60312    0.642823
           4     1.62618    0.477679
           4     1.64925    0.312383
           4     1.67232    0.213695
           4     1.69538    0.221761
           4     1.71845    0.271998
           4     1.74152     0.45471
           4     1.76458    0.815947
           4     1.78765     1.24138
           4     1.81071     1.74014
           4     1.83378       2.245
           4     1.85685     2.55434
           4     1.87991     2.61431
           4     1.90298     2.44459
           4     1.92605     2.09831
           4     1.94911      1.6789
           4     1.97218     1.20466
           4     1.99525    0.865201
           4     2.01831    0.605656
           4     2.04138    0.488425
           4     2.06445    0.490313
           4     2.08751    0.604553
           4     2.11058    0.769838
           4     2.13364    0.907078
           4     2.15671     0.96201
           4     2.17978    0.980201
           4     2.20284    0.887369
           4     2.22591    0.808002
           4     2.24898     0.67077
           4     2.27204    0.590784
           4     2.29511    0.589057
           5   0.0115332           0
           5   0.0345996           0
           5   0.0576661           0
           5   0.0807325           0
           5    0.103799           0
           5    0.126865           0
           5    0.149932           0
           5    0.172998           0
           5    0.196065           0
           5    0.219131           0
           5    0.242198           0
           5    0.265264           0
           5     0.28833           0
           5    0.311397           0
           5    0.334463           0
           5     0.35753           0
           5    0.380596           0
           5    0.403663           0
           5    0.426729           0
           5    0.449795           0
           5    0.472862           0
           5    0.495928           0
           5    0.518995           0
           5    0.542061           0
           5    0.565128           0
           5    0.588194           0
           5     0.61126           0
           5    0.634327           0
           5    0.657393           0
           5     0.68046           0
           5    0.703526           0
           5    0.726593           0
           5    0.749659           0
           5    0.772725           0
           5    0.795792           0
           5    0.818858           0
           5    0.841925           0
           5    0.864991           0
           5    0.888058           0
           5    0.911124  0.00419756
           5     0.93419   0.0522396
           5    0.957257    0.291543
           5    0.980323    0.991684
           5     1.00339     2.27049
           5     1.02646      3.6499
           5     1.04952     4.55998
           5     1.07259     4.94147
           5     1.09566     4.41412
           5     1.11872     3.67457
           5     1.14179     2.71526
           5     1.16485     1.80647
           5     1.18792     1.14188
           5     1.21099    0.644345
           5     1.23405     0.34323
           5     1.25712    0.206719
           5     1.28019    0.105604
           5     1.30325   0.0437688
           5     1.32632   0.0330154
           5     1.34939   0.0527884
           5     1.37245    0.110074
           5     1.39552    0.218449
           5     1.41859    0.321072
           5     1.44165    0.465552
           5     1.46472    0.605039
           5     1.48778    0.769305
           5     1.51085    0.903742
           5     1.53392    0.943043
           5     1.55698    0.911475
           5     1.58005    0.822595
           5     1.60312    0.655478
           5     1.62618    0.471091
           5     1.64925     0.32701
           5     1.67232    0.223352
           5     1.69538     0.19903
           5     1.71845    0.267671
           5     1.74152    0.430198
           5     1.76458    0.732105
           5     1.78765     1.17977
           5     1.81071     1.71109
           5     1.83378     2.20467
           5     1.85685     2.65608
           5     1.87991      2.6789
           5     1.90298     2.58733
           5     1.92605     2.20587
           5     1.94911     1.72545
           5     1.97218     1.19958
           5     1.99525    0.807282
           5     2.01831    0.516904
           5     2.04138    0.431422
           5     2.06445     0.46483
           5     2.08751    0.579696
           5     2.11058    0.764557
           5     2.13364    0.885581
           5     2.15671    0.995661
           5     2.17978     1.02689
           5     2.20284    0.912743
           5     2.22591    0.800441
           5     2.24898    0.658082
           5     2.27204    0.579251
           5     2.29511     0.58812
           6   0.0115332           0
           6   0.0345996           0
           6   0.0576661           0
           6   0.0807325           0
           6    0.103799           0
           6    0.126865           0
           6    0.149932           0
           6    0.172998           0
           6    0.196065           0
           6    0.219131           0
           6    0.242198           0
           6    0.265264           0
           6     0.28833           0
           6    0.311397           0
           6    0.334463           0
           6     0.35753           0
           6    0.380596           0
           6    0.403663           0
           6    0.426729           0
           6    0.449795           0
           6    0.472862           0
           6    0.495928           0
           6    0.518995           0
           6    0.542061           0
           6    0.565128           0
           6    0.588194           0
           6     0.61126           0
           6    0.634327           0
           6    0.657393           0
           6     0.68046           0
           6    0.703526           0
           6    0.726593           0
           6    0.749659           0
           6    0.772725           0
           6    0.795792           0
           6    0.818858           0
           6    0.841925           0
           6    0.864991           0
           6    0.888058           0
           6    0.911124  0.00489715
           6     0.93419   0.0469159
           6    0.957257    0.295346
           6    0.980323     1.02281
           6     1.00339     2.23703
           6     1.02646     3.48343
           6     1.04952     4.74927
           6     1.07259     4.91572
           6     1.09566     4.55201
           6     1.11872     3.76808
           6     1.14179     2.64799
           6     1.16485     1.70203
           6     1.18792     1.06862
           6     1.21099    0.659394
           6     1.23405    0.349332
           6     1.25712    0.178789
           6     1.28019   0.0976307
           6     1.30325   0.0625757
           6     1.32632   0.0432501
           6     1.34939   0.0586892
           6     1.37245   0.0971245
           6     1.39552    0.165216
           6     1.41859    0.260898
           6     1.44165     0.41651
           6     1.46472    0.645511
           6     1.48778    0.782162
           6     1.51085    0.962643
           6     1.53392     1.05437
           6     1.55698     1.01521
           6     1.58005    0.823176
           6     1.60312     0.60836
           6     1.62618    0.448909
           6     1.64925    0.287828
           6     1.67232    0.198016
           6     1.69538    0.175388
           6     1.71845    0.239547
           6     1.74152    0.391324
           6     1.76458    0.707297
           6     1.78765     1.16678
           6     1.81071     1.72172
           6     1.83378     2.34932
           6     1.85685     2.64143
           6     1.87991     2.75992
           6     1.90298      2.5919
           6     1.92605     2.17863
           6     1.94911     1.69511
           6     1.97218      1.1786
           6     1.99525    0.766287
           6     2.01831    0.516904
           6     2.04138    0.415673
           6     2.06445    0.466806
           6     2.08751    0.589825
           6     2.11058    0.767882
           6     2.13364    0.912308
           6     2.15671     1.02082
           6     2.17978     1.02451
           6     2.20284    0.932971
           6     2.22591    0.743296
           6     2.24898    0.626963
           6     2.27204    0.535204
           6     2.29511    0.517885
           7   0.0115332           0
           7   0.0345996           0
           7   0.0576661           0
           7   0.0807325           0
           7    0.103799           0
           7    0.126865           0
           7    0.149932           0
           7    0.172998           0
           7    0.196065           0
           7    0.219131           0
           7    0.242198           0
           7    0.265264           0
           7     0.28833           0
           7    0.311397           0
           7    0.334463           0
           7     0.35753           0
           7    0.380596           0
           7    0.403663           0
           7    0.426729           0
           7    0.449795           0
           7    0.472862           0
           7    0.495928           0
           7    0.518995           0
           7    0.542061           0
           7    0.565128           0
           7    0.588194           0
           7     0.61126           0
           7    0.634327           0
           7    0.657393           0
           7     0.68046           0
           7    0.703526           0
           7    0.726593           0
           7    0.749659           0
           7    0.772725           0
           7    0.795792           0
           7    0.818858           0
           7    0.841925           0
           7    0.864991           0
           7    0.888058           0
           7    0.911124  0.00489715
           7     0.93419   0.0459176
           7    0.957257    0.302318
           7    0.980323     1.01314
           7     1.00339     2.17791
           7     1.02646     3.65045
           7     1.04952     4.62378
           7     1.07259     4.93617
           7     1.09566     4.55515
           7     1.11872      3.6335
           7     1.14179     2.66826
           7     1.16485     1.83814
           7     1.18792     1.13323
           7     1.21099    0.578406
           7     1.23405    0.338272
           7     1.25712    0.195143
           7     1.28019   0.0963904
           7     1.30325   0.0526593
           7     1.32632    0.032355
           7     1.34939    0.047366
           7     1.37245   0.0963537
           7     1.39552    0.181767
           7     1.41859    0.269845
           7     1.44165    0.407149
           7     1.46472    0.600708
           7     1.48778    0.816009
           7     1.51085     0.97193
           7     1.53392     1.02512
           7     1.55698     1.00407
           7     1.58005    0.815034
           7     1.60312    0.656269
           7     1.62618    0.474165
           7     1.64925    0.314412
           7     1.67232    0.210373
           7     1.69538    0.169832
           7     1.71845    0.237089
           7     1.74152    0.412676
           7     1.76458    0.739099
           7     1.78765     1.17932
           7     1.81071     1.72871
           7     1.83378     2.25052
           7     1.85685      2.5839
           7     1.87991     2.76173
           7     1.90298     2.60473
           7     1.92605     2.16015
           7     1.94911      1.6627
           7     1.97218     1.17203
           7     1.99525    0.776281
           7     2.01831    0.553403
           7     2.04138    0.452955
           7     2.06445    0.458834
           7     2.08751     0.59369
           7     2.11058    0.753019
           7     2.13364    0.906312
           7     2.15671     1.00952
           7     2.17978      1.0151
           7     2.20284    0.931415
           7     2.22591    0.777583
           7     2.24898    0.618696
           7     2.27204    0.539367
           7     2.29511    0.541536
           8   0.0115332           0
           8   0.0345996           0
           8   0.0576661           0
           8   0.0807325           0
           8    0.103799           0
           8    0.126865           0
           8    0.149932           0
           8    0.172998           0
           8    0.196065           0
           8    0.219131           0
           8    0.242198           0
           8    0.265264           0
           8     0.28833           0
           8    0.311397           0
           8    0.334463           0
           8     0.35753           0
           8    0.380596           0
           8    0.403663           0
           8    0.426729           0
           8    0.449795           0
           8    0.472862           0
           8    0.495928           0
           8    0.518995           0
           8    0.542061           0
           8    0.565128           0
           8    0.588194           0
           8     0.61126           0
           8    0.634327           0
           8    0.657393           0
           8     0.68046           0
           8    0.703526           0
           8    0.726593           0
           8    0.749659           0
           8    0.772725           0
           8    0.795792           0
           8    0.818858           0
           8    0.841925           0
           8    0.864991           0
           8    0.888058           0
           8    0.911124  0.00314817
           8     0.93419   0.0356028
           8    0.957257    0.280452
           8    0.980323      1.0213
           8     1.00339     2.31116
           8     1.02646     3.65376
           8     1.04952     4.60638
           8     1.07259     4.79431
           8     1.09566     4.49371
           8     1.11872      3.6523
           8     1.14179     2.73352
           8     1.16485     1.79812
           8     1.18792      1.1143
           8     1.21099    0.628702
           8     1.23405    0.383083
           8     1.25712    0.196796
           8     1.28019   0.0891257
           8     1.30325    0.054711
           8     1.32632   0.0315297
           8     1.34939   0.0511936
           8     1.37245    0.100825
           8     1.39552    0.184899
           8     1.41859    0.288893
           8     1.44165     0.46639
           8     1.46472    0.618169
           8     1.48778    0.803152
           8     1.51085    0.915955
           8     1.53392    0.994632
           8     1.55698    0.945375
           8     1.58005    0.824805
           8     1.60312    0.648925
           8     1.62618    0.449897
           8     1.64925    0.309928
           8     1.67232    0.223664
           8     1.69538    0.204081
           8     1.71845    0.264918
           8     1.74152    0.420719
           8     1.76458    0.767171
           8     1.78765     1.22321
           8     1.81071     1.70985
           8     1.83378     2.28438
           8     1.85685     2.58997
           8     1.87991     2.65745
           8     1.90298     2.48605
           8     1.92605     2.14685
           8     1.94911     1.70199
           8     1.97218     1.19876
           8     1.99525    0.786931
           8     2.01831    0.565949
           8     2.04138    0.468495
           8     2.06445    0.499239
           8     2.08751    0.632874
           8     2.11058    0.759733
           8     2.13364    0.890174
           8     2.15671    0.982176
           8     2.17978    0.989796
           8     2.20284     0.89114
           8     2.22591     0.77858
           8     2.24898    0.654063
           8     2.27204    0.592471
           8     2.29511    0.574613
           9   0.0115332           0
           9   0.0345996           0
           9   0.0576661           0
           9   0.0807325           0
           9    0.103799           0
           9    0.126865           0
           9    0.149932           0
           9    0.172998           0
           9    0.196065           0
           9    0.219131           0
           9    0.242198           0
           9    0.265264           0
           9     0.28833           0
           9    0.311397           0
           9    0.334463           0
           9     0.35753           0
           9    0.380596           0
           9    0.403663           0
           9    0.426729           0
           9    0.449795           0
           9    0.472862           0
           9    0.495928           0
           9    0.518995           0
           9    0.542061           0
           9    0.565128           0
           9    0.588194           0
           9     0.61126           0
           9    0.634327           0
           9    0.657393           0
           9     0.68046           0
           9    0.703526           0
           9    0.726593           0
           9    0.749659           0
           9    0.772725           0
           9    0.795792           0
           9    0.818858           0
           9    0.841925           0
           9    0.864991           0
           9    0.888058           0
           9    0.911124  0.00209878
           9     0.93419    0.049245
           9    0.957257     0.31436
           9    0.980323     0.97718
           9     1.00339     2.26847
           9     1.02646     3.58017
           9     1.04952      4.7179
           9     1.07259     4.94096
           9     1.09566     4.38437
           9     1.11872     3.58849
           9     1.14179     2.73686
           9     1.16485      1.8651
           9     1.18792     1.07747
           9     1.21099    0.668107
           9     1.23405    0.365921
           9     1.25712    0.178421
           9     1.28019   0.0937326
           9     1.30325   0.0494108
           9     1.32632   0.0414343
           9     1.34939   0.0548616
           9     1.37245    0.107145
           9     1.39552    0.187732
           9     1.41859    0.303756
           9     1.44165     0.47659
           9     1.46472    0.626967
           9     1.48778    0.786491
           9     1.51085    0.925114
           9     1.53392    0.952546
           9     1.55698    0.918662
           9     1.58005    0.767112
           9     1.60312    0.644518
           9     1.62618    0.499751
           9     1.64925    0.319002
           9     1.67232    0.234774
           9     1.69538     0.18923
           9     1.71845     0.22814
           9     1.74152     0.44772
           9     1.76458    0.755607
           9     1.78765     1.19549
           9     1.81071     1.76281
           9     1.83378     2.24526
           9     1.85685     2.61987
           9     1.87991     2.67446
           9     1.90298     2.53288
           9     1.92605     2.14865
           9     1.94911      1.7052
           9     1.97218     1.20391
           9     1.99525    0.810711
           9     2.01831    0.551264
           9     2.04138    0.434837
           9     2.06445    0.455495
           9     2.08751    0.597889
           9     2.11058     0.76547
           9     2.13364      0.9162
           9     2.15671    0.985235
           9     2.17978     1.01363
           9     2.20284    0.938656
           9     2.22591    0.796456
           9     2.24898    0.652915
           9     2.27204     0.58814
           9     2.29511    0.569762
          10   0.0115332           0
          10   0.0345996           0
          10   0.0576661           0
          10   0.0807325           0
          10    0.103799           0
          10    0.126865           0
          10    0.149932           0
          10    0.172998           0
          10    0.196065           0
          10    0.219131           0
          10    0.242198           0
          10    0.265264           0
          10     0.28833           0
          10    0.311397           0
          10    0.334463           0
          10     0.35753           0
          10    0.380596           0
          10    0.403663           0
          10    0.426729           0
          10    0.449795           0
          10    0.472862           0
          10    0.495928           0
          10    0.518995           0
          10    0.542061           0
          10    0.565128           0
          10    0.588194           0
          10     0.61126           0
          10    0.634327           0
          10    0.657393           0
          10     0.68046           0
          10    0.703526           0
          10    0.726593           0
          10    0.749659           0
          10    0.772725           0
          10    0.795792           0
          10    0.818858           0
          10    0.841925           0
          10    0.864991           0
          10    0.888058           0
          10    0.911124  0.00279837
          10     0.93419   0.0402611
          10    0.957257     0.27348
          10    0.980323     1.07689
          10     1.00339     2.24973
          10     1.02646     3.61903
          10     1.04952     4.57923
          10     1.07259     4.81122
          10     1.09566     4.49903
          10     1.11872     3.71332
          10     1.14179     2.69321
          10     1.16485     1.87473
          10     1.18792     1.18098
          10     1.21099     0.66276
          10     1.23405    0.321301
          10     1.25712    0.154901
          10     1.28019    0.071584
          10     1.30325   0.0210295
          10     1.32632   0.0348312
          10     1.34939   0.0548616
          10     1.37245    0.100979
          10     1.39552    0.176847
          10     1.41859     0.29885
          10     1.44165    0.451859
          10     1.46472    0.645105
          10     1.48778    0.800397
          10     1.51085    0.927913
          10     1.53392    0.995496
          10     1.55698    0.924771
          10     1.58005    0.824107
          10     1.60312    0.633558
          10     1.62618    0.472298
          10     1.64925    0.329358
          10     1.67232    0.210996
          10     1.69538    0.155081
          10     1.71845     0.23168
          10     1.74152    0.396399
          10     1.76458    0.709908
          10     1.78765     1.18077
          10     1.81071      1.7428
          10     1.83378      2.2671
          10     1.85685     2.65971
          10     1.87991     2.74858
          10     1.90298     2.60392
          10     1.92605     2.22474
          10     1.94911     1.69427
          10     1.97218     1.18644
          10     1.99525    0.782335
          10     2.01831     0.51227
          10     2.04138    0.409401
          10     2.06445     0.45386
          10     2.08751    0.568834
          10     2.11058     0.77916
          10     2.13364    0.903888
          10     2.15671     0.98099
          10     2.17978     1.01485
          10     2.20284    0.918967
          10     2.22591    0.806361
          10     2.24898    0.666407
          10     2.27204    0.544599
          10     2.29511    0.543906
          11   0.0115332           0
          11   0.0345996           0
          11   0.0576661           0
          11   0.0807325           0
          11    0.103799           0
          11    0.126865           0
          11    0.149932           0
          11    0.172998           0
          11    0.196065           0
          11    0.219131           0
          11    0.242198           0
          11    0.265264           0
          11     0.28833           0
          11    0.311397           0
          11    0.334463           0
          11     0.35753           0
          11    0.380596           0
          11    0.403663           0
          11    0.426729           0
          11    0.449795           0
          11    0.472862           0
          11    0.495928           0
          11    0.518995           0
          11    0.542061           0
          11    0.565128           0
          11    0.588194           0
          11     0.61126           0
          11    0.634327           0
          11    0.657393           0
          11     0.68046           0
          11    0.703526           0
          11    0.726593           0
          11    0.749659           0
          11    0.772725           0
          11    0.795792           0
          11    0.818858           0
          11    0.841925           0
          11    0.864991           0
          11    0.888058           0
          11    0.911124  0.00419756
          11     0.93419   0.0399284
          11    0.957257    0.286156
          11    0.980323     1.02583
          11     1.00339     2.25434
          11     1.02646     3.66065
          11     1.04952     4.56789
          11     1.07259     4.89528
          11     1.09566     4.53652
          11     1.11872     3.59406
          11     1.14179      2.6638
          11     1.16485     1.79491
          11     1.18792     1.16945
          11     1.21099      0.6788
          11     1.23405    0.349713
          11     1.25712    0.197531
          11     1.28019   0.0919607
          11     1.30325   0.0439397
          11     1.32632   0.0447358
          11     1.34939     0.06459
          11     1.37245    0.118091
          11     1.39552    0.179232
          11     1.41859    0.318186
          11     1.44165    0.460103
          11     1.46472     0.61668
          11     1.48778     0.78085
          11     1.51085    0.917227
          11     1.53392    0.930331
          11     1.55698    0.943339
          11     1.58005    0.821664
          11     1.60312    0.625422
          11     1.62618     0.45385
          11     1.64925    0.322632
          11     1.67232     0.22979
          11     1.69538    0.210547
          11     1.71845    0.265311
          11     1.74152    0.445135
          11     1.76458    0.787129
          11     1.78765      1.2034
          11     1.81071     1.68416
          11     1.83378     2.22755
          11     1.85685      2.5567
          11     1.87991     2.69804
          11     1.90298     2.50601
          11     1.92605     2.19045
          11     1.94911     1.72408
          11     1.97218     1.25812
          11     1.99525     0.81713
          11     2.01831    0.521609
          11     2.04138    0.433931
          11     2.06445    0.469531
          11     2.08751    0.590625
          11     2.11058    0.766187
          11     2.13364    0.898849
          11     2.15671    0.993413
          11     2.17978     1.00874
          11     2.20284    0.935484
          11     2.22591    0.784734
          11     2.24898    0.658082
          11     2.27204    0.585946
          11     2.29511    0.610998
          12   0.0115332           0
          12   0.0345996           0
          12   0.0576661           0
          12   0.0807325           0
          12    0.103799           0
          12    0.126865           0
          12    0.149932           0
          12    0.172998           0
          12    0.196065           0
          12    0.219131           0
          12    0.242198           0
          12    0.265264           0
          12     0.28833           0
          12    0.311397           0
          12    0.334463           0
          12     0.35753           0
          12    0.380596           0
          12    0.403663           0
          12    0.426729           0
          12    0.449795           0
          12    0.472862           0
          12    0.495928           0
          12    0.518995           0
          12    0.542061           0
          12    0.565128           0
          12    0.588194           0
          12     0.61126           0
          12    0.634327           0
          12    0.657393           0
          12     0.68046           0
          12    0.703526           0
          12    0.726593           0
          12    0.749659           0
          12    0.772725           0
          12    0.795792           0
          12    0.818858           0
          12    0.841925           0
          12    0.864991           0
          12    0.888058           0
          12    0.911124  0.00174898
          12     0.93419   0.0395956
          12    0.957257    0.302001
          12    0.980323    0.991986
          12     1.00339     2.32702
          12     1.02646     3.56336
          12     1.04952     4.64276
          12     1.07259     4.95712
          12     1.09566     4.40663
          12     1.11872     3.59035
          12     1.14179     2.72773
          12     1.16485      1.8452
          12     1.18792     1.18324
          12     1.21099    0.648305
          12     1.23405    0.330454
          12     1.25712    0.181545
          12     1.28019   0.0731787
          12     1.30325   0.0502657
          12     1.32632    0.038628
          12     1.34939   0.0510341
          12     1.37245   0.0957371
          12     1.39552    0.166707
          12     1.41859    0.297984
          12     1.44165      0.4316
          12     1.46472    0.613567
          12     1.48778    0.809318
          12     1.51085    0.945723
          12     1.53392     0.97723
          12     1.55698    0.994369
          12     1.58005    0.825735
          12     1.60312    0.636834
          12     1.62618    0.457035
          12     1.64925    0.311956
          12     1.67232     0.19812
          12     1.69538    0.171347
          12     1.71845    0.247316
          12     1.74152    0.432592
          12     1.76458    0.720354
          12     1.78765     1.17423
          12     1.81071      1.7265
          12     1.83378     2.23066
          12     1.85685     2.66905
          12     1.87991      2.8116
          12     1.90298     2.51467
          12     1.92605     2.15734
          12     1.94911     1.72958
          12     1.97218      1.1857
          12     1.99525     0.77577
          12     2.01831    0.528238
          12     2.04138    0.420412
          12     2.06445    0.461695
          12     2.08751    0.587226
          12     2.11058    0.758755
          12     2.13364    0.905419
          12     2.15671     1.00571
          12     2.17978     1.02732
          12     2.20284    0.938536
          12     2.22591    0.776294
          12     2.24898    0.657795
          12     2.27204    0.570476
          12     2.29511    0.558736
          13   0.0115332           0
          13   0.0345996           0
          13   0.0576661           0
          13   0.0807325           0
          13    0.103799           0
          13    0.126865           0
          13    0.149932           0
          13    0.172998           0
          13    0.196065           0
          13    0.219131           0
          13    0.242198           0
          13    0.265264           0
          13     0.28833           0
          13    0.311397           0
          13    0.334463           0
          13     0.35753           0
          13    0.380596           0
          13    0.403663           0
          13    0.426729           0
          13    0.449795           0
          13    0.472862           0
          13    0.495928           0
          13    0.518995           0
          13    0.542061           0
          13    0.565128           0
          13    0.588194           0
          13     0.61126           0
          13    0.634327           0
          13    0.657393           0
          13     0.68046           0
          13    0.703526           0
          13    0.726593           0
          13    0.749659           0
          13    0.772725           0
          13    0.795792           0
          13    0.818858           0
          13    0.841925           0
          13    0.864991           0
          13    0.888058  0.00147281
          13    0.911124  0.00349796
          13     0.93419   0.0439212
          13    0.957257    0.304536
          13    0.980323    0.990173
          13     1.00339     2.31347
          13     1.02646     3.60773
          13     1.04952     4.61113
          13     1.07259     4.91295
          13     1.09566     4.49008
          13     1.11872     3.60728
          13     1.14179     2.62727
          13     1.16485     1.79683
          13     1.18792     1.15546
          13     1.21099    0.671869
          13     1.23405    0.378125
          13     1.25712    0.196429
          13     1.28019   0.0845188
          13     1.30325   0.0473592
          13     1.32632    0.051669
          13     1.34939   0.0647495
          13     1.37245    0.107454
          13     1.39552     0.20473
          13     1.41859    0.350799
          13     1.44165    0.462339
          13     1.46472    0.611537
          13     1.48778    0.801578
          13     1.51085    0.875882
          13     1.53392    0.955138
          13     1.55698    0.900814
          13     1.58005    0.776999
          13     1.60312    0.637851
          13     1.62618    0.450446
          13     1.64925    0.341422
          13     1.67232    0.230932
          13     1.69538     0.19226
          13     1.71845    0.267081
          13     1.74152    0.429241
          13     1.76458    0.752716
          13     1.78765     1.20358
          13     1.81071     1.71304
          13     1.83378     2.25122
          13     1.85685     2.61364
          13     1.87991     2.71702
          13     1.90298      2.5089
          13     1.92605     2.19507
          13     1.94911     1.71162
          13     1.97218     1.19712
          13     1.99525    0.811659
          13     2.01831    0.563098
          13     2.04138    0.444383
          13     2.06445     0.45788
          13     2.08751    0.619213
          13     2.11058     0.78079
          13     2.13364    0.895341
          13     2.15671     0.96201
          13     2.17978    0.965288
          13     2.20284     0.90239
          13     2.22591    0.794346
          13     2.24898    0.695459
          13     2.27204     0.61953
          13     2.29511    0.626435
          14   0.0115332           0
          14   0.0345996           0
          14   0.0576661           0
          14   0.0807325           0
          14    0.103799           0
          14    0.126865           0
          14    0.149932           0
          14    0.172998           0
          14    0.196065           0
          14    0.219131           0
          14    0.242198           0
          14    0.265264           0
          14     0.28833           0
          14    0.311397           0
          14    0.334463           0
          14     0.35753           0
          14    0.380596           0
          14    0.403663           0
          14    0.426729           0
          14    0.449795           0
          14    0.472862           0
          14    0.495928           0
          14    0.518995           0
          14    0.542061           0
          14    0.565128           0
          14    0.588194           0
          14     0.61126           0
          14    0.634327           0
          14    0.657393           0
          14     0.68046           0
          14    0.703526           0
          14    0.726593           0
          14    0.749659           0
          14    0.772725           0
          14    0.795792           0
          14    0.818858           0
          14    0.841925           0
          14    0.864991           0
          14    0.888058           0
          14    0.911124  0.00104939
          14     0.93419   0.0562325
          14    0.957257    0.311508
          14    0.980323    0.998029
          14     1.00339     2.20242
          14     1.02646     3.59671
          14     1.04952     4.62536
          14     1.07259     4.90462
          14     1.09566     4.56265
          14     1.11872     3.67782
          14     1.14179     2.70189
          14     1.16485     1.79127
          14     1.18792     1.11677
          14     1.21099    0.682958
          14     1.23405    0.360963
          14     1.25712    0.156555
          14     1.28019   0.0740647
          14     1.30325   0.0400074
          14     1.32632   0.0427549
          14     1.34939   0.0403488
          14     1.37245   0.0897246
          14     1.39552    0.168049
          14     1.41859    0.293078
          14     1.44165    0.458147
          14     1.46472    0.639284
          14     1.48778    0.776127
          14     1.51085      0.9171
          14     1.53392     1.02635
          14     1.55698     1.00779
          14     1.58005    0.800378
          14     1.60312    0.636834
          14     1.62618    0.447371
          14     1.64925    0.306725
          14     1.67232    0.203312
          14     1.69538    0.185896
          14     1.71845    0.229517
          14     1.74152    0.410378
          14     1.76458    0.708976
          14     1.78765     1.16723
          14     1.81071     1.73766
          14     1.83378     2.22151
          14     1.85685     2.61734
          14     1.87991     2.76879
          14     1.90298     2.65757
          14     1.92605     2.21894
          14     1.94911     1.73187
          14     1.97218     1.19219
          14     1.99525     0.74207
          14     2.01831    0.503716
          14     2.04138     0.40982
          14     2.06445    0.448954
          14     2.08751    0.577297
          14     2.11058    0.745848
          14     2.13364    0.927937
          14     2.15671     1.00534
          14     2.17978     1.00379
          14     2.20284     0.94111
          14     2.22591    0.794228
          14     2.24898    0.675823
          14     2.27204    0.581502
          14     2.29511    0.554326
          15   0.0115332           0
          15   0.0345996           0
          15   0.0576661           0
          15   0.0807325           0
          15    0.103799           0
          15    0.126865           0
          15    0.149932           0
          15    0.172998           0
          15    0.196065           0
          15    0.219131           0
          15    0.242198           0
          15    0.265264           0
          15     0.28833           0
          15    0.311397           0
          15    0.334463           0
          15     0.35753           0
          15    0.380596           0
          15    0.403663           0
          15    0.426729           0
          15    0.449795           0
          15    0.472862           0
          15    0.495928           0
          15    0.518995           0
          15    0.542061           0
          15    0.565128           0
          15    0.588194           0
          15     0.61126           0
          15    0.634327           0
          15    0.657393           0
          15     0.68046           0
          15    0.703526           0
          15    0.726593           0
          15    0.749659           0
          15    0.772725           0
          15    0.795792           0
          15    0.818858           0
          15    0.841925           0
          15    0.864991           0
          15    0.888058           0
          15    0.911124  0.00139919
          15     0.93419   0.0452522
          15    0.957257    0.269361
          15    0.980323     1.00498
          15     1.00339     2.35414
          15     1.02646     3.66037
          15     1.04952     4.54126
          15     1.07259     4.85363
          15     1.09566      4.5075
          15     1.11872     3.60288
          15     1.14179      2.6687
          15     1.16485     1.77608
          15     1.18792     1.15299
          15     1.21099    0.687711
          15     1.23405    0.376409
          15     1.25712    0.188344
          15     1.28019   0.0963904
          15     1.30325    0.048214
          15     1.32632    0.040939
          15     1.34939   0.0580513
          15     1.37245    0.108224
          15     1.39552     0.22158
          15     1.41859    0.339976
          15     1.44165    0.482039
          15     1.46472    0.633058
          15     1.48778    0.794756
          15     1.51085    0.865832
          15     1.53392    0.917618
          15     1.55698    0.895303
          15     1.58005     0.78863
          15     1.60312    0.630733
          15     1.62618    0.474824
          15     1.64925    0.344945
          15     1.67232    0.247754
          15     1.69538    0.204182
          15     1.71845    0.259706
          15     1.74152    0.418038
          15     1.76458    0.761575
          15     1.78765     1.22575
          15     1.81071      1.7683
          15     1.83378     2.19793
          15     1.85685       2.546
          15     1.87991     2.71933
          15     1.90298     2.58107
          15     1.92605     2.14207
          15     1.94911     1.64703
          15     1.97218     1.19712
          15     1.99525    0.820631
          15     2.01831    0.547415
          15     2.04138    0.472676
          15     2.06445     0.50687
          15     2.08751    0.625477
          15     2.11058    0.746174
          15     2.13364    0.889408
          15     2.15671    0.972187
          15     2.17978    0.966633
          15     2.20284    0.926448
          15     2.22591    0.815563
          15     2.24898    0.667096
          15     2.27204     0.61171
          15     2.29511    0.604438
          16   0.0115332           0
          16   0.0345996           0
          16   0.0576661           0
          16   0.0807325           0
          16    0.103799           0
          16    0.126865           0
          16    0.149932           0
          16    0.172998           0
          16    0.196065           0
          16    0.219131           0
          16    0.242198           0
          16    0.265264           0
          16     0.28833           0
          16    0.311397           0
          16    0.334463           0
          16     0.35753           0
          16    0.380596           0
          16    0.403663           0
          16    0.426729           0
          16    0.449795           0
          16    0.472862           0
          16    0.495928           0
          16    0.518995           0
          16    0.542061           0
          16    0.565128           0
          16    0.588194           0
          16     0.61126           0
          16    0.634327           0
          16    0.657393           0
          16     0.68046           0
          16    0.703526           0
          16    0.726593           0
          16    0.749659           0
          16    0.772725           0
          16    0.795792           0
          16    0.818858           0
          16    0.841925           0
          16    0.864991           0
          16    0.888058           0
          16    0.911124  0.00594654
          16     0.93419   0.0435885
          16    0.957257    0.265241
          16    0.980323     1.02825
          16     1.00339     2.31664
          16     1.02646     3.62757
          16     1.04952     4.59821
          16     1.07259     4.89326
          16     1.09566     4.45549
          16     1.11872     3.54603
          16     1.14179     2.62193
          16     1.16485     1.84349
          16     1.18792     1.19888
          16     1.21099    0.698799
          16     1.23405     0.37679
          16     1.25712    0.172358
          16     1.28019   0.0880626
          16     1.30325   0.0583014
          16     1.32632   0.0627292
          16     1.34939   0.0802192
          16     1.37245    0.126416
          16     1.39552    0.202941
          16     1.41859    0.311115
          16     1.44165    0.479664
          16     1.46472    0.626561
          16     1.48778    0.775864
          16     1.51085    0.870412
          16     1.53392    0.911571
          16     1.55698    0.896741
          16     1.58005    0.771415
          16     1.60312    0.661919
          16     1.62618    0.466149
          16     1.64925    0.305764
          16     1.67232    0.253361
          16     1.69538    0.238734
          16     1.71845    0.291862
          16     1.74152    0.477402
          16     1.76458    0.769596
          16     1.78765     1.19422
          16     1.81071     1.68753
          16     1.83378     2.19284
          16     1.85685     2.54777
          16     1.87991     2.64661
          16     1.90298     2.54378
          16     1.92605     2.23695
          16     1.94911     1.70076
          16     1.97218     1.20205
          16     1.99525    0.806991
          16     2.01831    0.561244
          16     2.04138    0.450028
          16     2.06445    0.479479
          16     2.08751    0.598622
          16     2.11058    0.739329
          16     2.13364    0.908035
          16     2.15671     1.02138
          16     2.17978     1.00275
          16     2.20284    0.916274
          16     2.22591    0.807123
          16     2.24898    0.698329
          16     2.27204    0.599616
          16     2.29511    0.589939
          17   0.0115332           0
          17   0.0345996           0
          17   0.0576661           0
          17   0.0807325           0
          17    0.103799           0
          17    0.126865           0
          17    0.149932           0
          17    0.172998           0
          17    0.196065           0
          17    0.219131           0
          17    0.242198           0
          17    0.265264           0
          17     0.28833           0
          17    0.311397           0
          17    0.334463           0
          17     0.35753           0
          17    0.380596           0
          17    0.403663           0
          17    0.426729           0
          17    0.449795           0
          17    0.472862           0
          17    0.495928           0
          17    0.518995           0
          17    0.542061           0
          17    0.565128           0
          17    0.588194           0
          17     0.61126           0
          17    0.634327           0
          17    0.657393           0
          17     0.68046           0
          17    0.703526           0
          17    0.726593           0
          17    0.749659           0
          17    0.772725           0
          17    0.795792           0
          17    0.818858           0
          17    0.841925           0
          17    0.864991           0
          17    0.888058           0
          17    0.911124           0
          17     0.93419   0.0482468
          17    0.957257    0.270628
          17    0.980323     1.00256
          17     1.00339     2.32501
          17     1.02646     3.64604
          17     1.04952     4.69127
          17     1.07259     4.80365
          17     1.09566     4.39647
          17     1.11872     3.60473
          17     1.14179     2.67427
          17     1.16485     1.82337
          17     1.18792     1.15649
          17     1.21099    0.692067
          17     1.23405    0.362107
          17     1.25712    0.205616
          17     1.28019   0.0926695
          17     1.30325     0.05454
          17     1.32632   0.0518341
          17     1.34939   0.0703313
          17     1.37245    0.127341
          17     1.39552    0.197871
          17     1.41859    0.310105
          17     1.44165    0.440961
          17     1.46472    0.625749
          17     1.48778    0.766419
          17     1.51085    0.910612
          17     1.53392    0.973774
          17     1.55698    0.922615
          17     1.58005    0.771881
          17     1.60312    0.603614
          17     1.62618    0.471859
          17     1.64925    0.324874
          17     1.67232    0.244119
          17     1.69538    0.210648
          17     1.71845    0.287633
          17     1.74152     0.45921
          17     1.76458    0.773047
          17     1.78765     1.19622
          17     1.81071     1.76193
          17     1.83378     2.20985
          17     1.85685     2.56201
          17     1.87991      2.6789
          17     1.90298     2.50537
          17     1.92605     2.13111
          17     1.94911     1.68808
          17     1.97218     1.18637
          17     1.99525    0.818954
          17     2.01831    0.570155
          17     2.04138    0.472327
          17     2.06445    0.489631
          17     2.08751    0.596489
          17     2.11058    0.763579
          17     2.13364    0.917412
          17     2.15671      1.0064
          17     2.17978           1
          17     2.20284    0.908554
          17     2.22591    0.798624
          17     2.24898    0.680072
          17     2.27204    0.589659
          17     2.29511    0.612983
          18   0.0115332           0
          18   0.0345996           0
          18   0.0576661           0
          18   0.0807325           0
          18    0.103799           0
          18    0.126865           0
          18    0.149932           0
          18    0.172998           0
          18    0.196065           0
          18    0.219131           0
          18    0.242198           0
          18    0.265264           0
          18     0.28833           0
          18    0.311397           0
          18    0.334463           0
          18     0.35753           0
          18    0.380596           0
          18    0.403663           0
          18    0.426729           0
          18    0.449795           0
          18    0.472862           0
          18    0.495928           0
          18    0.518995           0
          18    0.542061           0
          18    0.565128           0
          18    0.588194           0
          18     0.61126           0
          18    0.634327           0
          18    0.657393           0
          18     0.68046           0
          18    0.703526           0
          18    0.726593           0
          18    0.749659           0
          18    0.772725           0
          18    0.795792           0
          18    0.818858           0
          18    0.841925           0
          18    0.864991           0
          18    0.888058           0
          18    0.911124  0.00244857
          18     0.93419    0.042923
          18    0.957257    0.288374
          18    0.980323     1.02583
          18     1.00339     2.23502
          18     1.02646     3.67222
          18     1.04952     4.59689
          18     1.07259     4.87988
          18     1.09566     4.48234
          18     1.11872     3.65995
          18     1.14179     2.62059
          18     1.16485     1.81289
          18     1.18792     1.13035
          18     1.21099    0.670087
          18     1.23405    0.375646
          18     1.25712    0.203595
          18     1.28019    0.105427
          18     1.30325   0.0442817
          18     1.32632   0.0412692
          18     1.34939   0.0693745
          18     1.37245   0.0949662
          18     1.39552    0.177592
          18     1.41859    0.314434
          18     1.44165    0.451999
          18     1.46472     0.63766
          18     1.48778    0.815222
          18     1.51085    0.927913
          18     1.53392    0.924036
          18     1.55698    0.899256
          18     1.58005    0.810614
          18     1.60312    0.649151
          18     1.62618    0.485366
          18     1.64925    0.311529
          18     1.67232    0.228336
          18     1.69538    0.181349
          18     1.71845    0.271703
          18     1.74152    0.456625
          18     1.76458     0.74656
          18     1.78765     1.21112
          18     1.81071     1.75209
          18     1.83378     2.24301
          18     1.85685     2.58719
          18     1.87991      2.6337
          18     1.90298      2.5243
          18     1.92605     2.16219
          18     1.94911     1.71139
          18     1.97218     1.23983
          18     1.99525    0.809106
          18     2.01831    0.536579
          18     2.04138    0.424453
          18     2.06445    0.422244
          18     2.08751    0.565702
          18     2.11058    0.782615
          18     2.13364    0.965126
          18     2.15671     1.02906
          18     2.17978     1.01492
          18     2.20284    0.935484
          18     2.22591    0.825644
          18     2.24898    0.646886
          18     2.27204    0.529523
          18     2.29511    0.536905
          19   0.0115332           0
          19   0.0345996           0
          19   0.0576661           0
          19   0.0807325           0
          19    0.103799           0
          19    0.126865           0
          19    0.149932           0
          19    0.172998           0
          19    0.196065           0
          19    0.219131           0
          19    0.242198           0
          19    0.265264           0
          19     0.28833           0
          19    0.311397           0
          19    0.334463           0
          19     0.35753           0
          19    0.380596           0
          19    0.403663           0
          19    0.426729           0
          19    0.449795           0
          19    0.472862           0
          19    0.495928           0
          19    0.518995           0
          19    0.542061           0
          19    0.565128           0
          19    0.588194           0
          19     0.61126           0
          19    0.634327           0
          19    0.657393           0
          19     0.68046           0
          19    0.703526           0
          19    0.726593           0
          19    0.749659           0
          19    0.772725           0
          19    0.795792           0
          19    0.818858           0
          19    0.841925           0
          19    0.864991           0
          19    0.888058           0
          19    0.911124 0.000349796
          19     0.93419   0.0462504
          19    0.957257    0.326085
          19    0.980323     1.01525
          19     1.00339     2.23617
          19     1.02646     3.61131
          19     1.04952     4.62536
          19     1.07259     4.80088
          19     1.09566     4.39018
          19     1.11872     3.72074
          19     1.14179     2.75468
          19     1.16485     1.89164
          19     1.18792     1.11986
          19     1.21099    0.657216
          19     1.23405    0.329691
          19     1.25712    0.190916
          19     1.28019    0.080975
          19     1.30325   0.0500947
          19     1.32632   0.0346661
          19     1.34939   0.0550211
          19     1.37245    0.119479
          19     1.39552    0.193696
          19     1.41859    0.308662
          19     1.44165     0.45172
          19     1.46472    0.661077
          19     1.48778    0.788459
          19     1.51085    0.873719
          19     1.53392    0.969207
          19     1.55698    0.899256
          19     1.58005    0.813987
          19     1.60312    0.670055
          19     1.62618    0.458792
          19     1.64925    0.325728
          19     1.67232    0.216914
          19     1.69538    0.193675
          19     1.71845    0.283012
          19     1.74152    0.455476
          19     1.76458    0.753741
          19     1.78765     1.20549
          19     1.81071     1.69886
          19     1.83378     2.20355
          19     1.85685     2.56765
          19     1.87991     2.70782
          19     1.90298     2.55453
          19     1.92605     2.15601
          19     1.94911     1.72102
          19     1.97218     1.21242
          19     1.99525    0.833834
          19     2.01831    0.537862
          19     2.04138     0.42299
          19     2.06445    0.432328
          19     2.08751    0.570833
          19     2.11058    0.759342
          19     2.13364    0.905228
          19     2.15671     1.03899
          19     2.17978     1.03472
          19     2.20284    0.953198
          19     2.22591    0.812046
          19     2.24898    0.667498
          19     2.27204     0.54263
          19     2.29511     0.54986
          20   0.0115332           0
          20   0.0345996           0
          20   0.0576661           0
          20   0.0807325           0
          20    0.103799           0
          20    0.126865           0
          20    0.149932           0
          20    0.172998           0
          20    0.196065           0
          20    0.219131           0
          20    0.242198           0
          20    0.265264           0
          20     0.28833           0
          20    0.311397           0
          20    0.334463           0
          20     0.35753           0
          20    0.380596           0
          20    0.403663           0
          20    0.426729           0
          20    0.449795           0
          20    0.472862           0
          20    0.495928           0
          20    0.518995           0
          20    0.542061           0
          20    0.565128           0
          20    0.588194           0
          20     0.61126           0
          20    0.634327           0
          20    0.657393           0
          20     0.68046           0
          20    0.703526           0
          20    0.726593           0
          20    0.749659           0
          20    0.772725           0
          20    0.795792           0
          20    0.818858           0
          20    0.841925           0
          20    0.864991           0
          20    0.888058           0
          20    0.911124  0.00419756
          20     0.93419   0.0465831
          20    0.957257    0.317846
          20    0.980323     1.01767
          20     1.00339     2.18743
          20     1.02646     3.63998
          20     1.04952     4.68362
          20     1.07259     4.82435
          20     1.09566     4.54572
          20     1.11872     3.60566
          20     1.14179     2.62661
          20     1.16485     1.84028
          20     1.18792     1.16225
          20     1.21099    0.647513
          20     1.23405     0.34056
          20     1.25712    0.199553
          20     1.28019    0.102592
          20     1.30325   0.0516335
          20     1.32632   0.0510087
          20     1.34939   0.0724046
          20     1.37245    0.121637
          20     1.39552    0.208011
          20     1.41859    0.316455
          20     1.44165    0.440682
          20     1.46472    0.611401
          20     1.48778    0.782424
          20     1.51085    0.896364
          20     1.53392    0.935884
          20     1.55698     0.92585
          20     1.58005    0.798517
          20     1.60312    0.631411
          20     1.62618    0.462196
          20     1.64925    0.340461
          20     1.67232    0.260422
          20     1.69538     0.21378
          20     1.71845    0.253904
          20     1.74152    0.432496
          20     1.76458    0.763161
          20     1.78765     1.19577
          20     1.81071     1.76573
          20     1.83378     2.19992
          20     1.85685     2.57944
          20     1.87991     2.70618
          20     1.90298      2.5259
          20     1.92605     2.17323
          20     1.94911     1.64665
          20     1.97218     1.20384
          20     1.99525    0.835658
          20     2.01831    0.540001
          20     2.04138    0.455394
          20     2.06445    0.472188
          20     2.08751      0.5699
          20     2.11058    0.765405
          20     2.13364     0.94095
          20     2.15671     1.03724
          20     2.17978     1.01504
          20     2.20284    0.879051
          20     2.22591    0.774125
          20     2.24898    0.661871
          20     2.27204    0.604903
          20     2.29511    0.589057
